=======================================================
THERMIK-PROGNOSE DATENEXPORT
=======================================================
Quelle:            Thermalmap.info
                    https://www.thermalmap.info/forecast/widget.php?lat=51.2645&lon=6.850662&interval=1&days=3
Standort:           Düsseldorf-Wolfsaap (Dues-W)
Verein:             SFG
Koordinaten:        51.2645 N / 6.850662 E
Ausfuehrung:        20.09.2026 08:52:16
Zeitfenster:        20.09.2026 - 22.09.2026 (3 Tage)
Aufloesung:         stuendlich, 07:00 - 17:00 Uhr UTC
=======================================================

TAG: Sonntag, 20.09.2026
-------------------------------------------------------
Std(UTC) | Thermik[m/s] | Arbhoehe[m] | PFD/h[km/h] | BewHoch[/8] | BewMittel[/8] | BewTief[/8] | WindRicht[°] | Wind[km/h] | Temp[°C] | Taupunkt[°C]
07 | 0.1 | 0 | 0 | 5 | 7 | 8 | 220 | 11 | 17 | 16
08 | 0.2 | 0 | 0 | 2 | 7 | 8 | 225 | 11 | 17 | 16
09 | 0.3 | 0 | 0 | 5 | 7 | 8 | 230 | 14 | 17 | 16
10 | 0.5 | 100 | 0 | 6 | 7 | 8 | 240 | 18 | 17 | 16
11 | 0.8 | 100 | 0 | 5 | 0 | 8 | 250 | 22 | 18 | 16
12 | 1 | 300 | 0 | 5 | 2 | 7 | 270 | 22 | 19 | 15
13 | 1.2 | 400 | 10 | 2 | 0 | 7 | 280 | 22 | 20 | 14
14 | 1.2 | 500 | 10 | 0 | 0 | 6 | 295 | 25 | 20 | 11
15 | 1.3 | 600 | 25 | 0 | 0 | 2 | 300 | 22 | 20 | 8
16 | 0.8 | 400 | 5 | 0 | 0 | 0 | 305 | 22 | 18 | 5
17 | 0.4 | 0 | 0 | 0 | 0 | 1 | 310 | 18 | 16 | 6
PFD Tagessumme: 50 km
-------------------------------------------------------

TAG: Montag, 21.09.2026
-------------------------------------------------------
Std(UTC) | Thermik[m/s] | Arbhoehe[m] | PFD/h[km/h] | BewHoch[/8] | BewMittel[/8] | BewTief[/8] | WindRicht[°] | Wind[km/h] | Temp[°C] | Taupunkt[°C]
07 | 0.6 | 0 | 0 | 3 | 2 | 8 | 220 | 11 | 11 | 8
08 | 0.8 | 100 | 0 | 5 | 0 | 8 | 250 | 18 | 10 | 6
09 | 1.2 | 200 | 0 | 3 | 2 | 6 | 260 | 11 | 11 | 5
10 | 1.5 | 300 | 0 | 3 | 2 | 4 | 235 | 11 | 12 | 5
11 | 1.6 | 400 | 0 | 6 | 2 | 2 | 245 | 14 | 14 | 5
12 | 1.7 | 500 | 0 | 4 | 6 | 2 | 260 | 11 | 15 | 4
13 | 1.7 | 500 | 0 | 3 | 4 | 5 | 280 | 11 | 16 | 3
14 | 1.6 | 600 | 5 | 2 | 3 | 4 | 285 | 14 | 17 | 4
15 | 1.5 | 500 | 10 | 2 | 2 | 2 | 290 | 14 | 17 | 5
16 | 0.9 | 400 | 0 | 2 | 3 | 2 | 295 | 14 | 17 | 7
17 | 0.5 | 0 | 0 | 2 | 5 | 2 | 315 | 14 | 16 | 8
PFD Tagessumme: 15 km
-------------------------------------------------------

TAG: Dienstag, 22.09.2026
-------------------------------------------------------
Std(UTC) | Thermik[m/s] | Arbhoehe[m] | PFD/h[km/h] | BewHoch[/8] | BewMittel[/8] | BewTief[/8] | WindRicht[°] | Wind[km/h] | Temp[°C] | Taupunkt[°C]
07 | 0.3 | 0 | 0 | 0 | 7 | 7 | 225 | 7 | 13 | 11
08 | 0.5 | 0 | 0 | 0 | 7 | 8 | 235 | 7 | 14 | 11
09 | 0.7 | 0 | 0 | 0 | 5 | 8 | 265 | 11 | 14 | 11
10 | 1.2 | 100 | 0 | 0 | 3 | 8 | 275 | 11 | 16 | 11
11 | 1.4 | 300 | 0 | 0 | 3 | 8 | 285 | 11 | 17 | 11
12 | 1.2 | 200 | 0 | 0 | 2 | 8 | 290 | 11 | 18 | 12
13 | 1 | 100 | 0 | 0 | 2 | 8 | 285 | 7 | 18 | 12
14 | 0.8 | 100 | 0 | 0 | 1 | 8 | 305 | 7 | 18 | 12
15 | 0.6 | 100 | 0 | 0 | 0 | 8 | 320 | 7 | 18 | 12
16 | 0.3 | 0 | 0 | 0 | 0 | 8 | 295 | 4 | 18 | 12
17 | 0 | 0 | 0 | 0 | 0 | 8 | 180 | 4 | 18 | 12
PFD Tagessumme: 0 km
-------------------------------------------------------

Ende des Exports.
=======================================================