=======================================================
THERMIK-PROGNOSE DATENEXPORT
=======================================================
Quelle:            Thermalmap.info
                    https://www.thermalmap.info/forecast/widget.php?lat=51.2645&lon=6.850662&interval=1&days=3
Standort:           Düsseldorf-Wolfsaap (Dues-W)
Verein:             SFG
Koordinaten:        51.2645 N / 6.850662 E
Ausfuehrung:        06.09.2026 06:16:22
Zeitfenster:        06.09.2026 - 08.09.2026 (3 Tage)
Aufloesung:         stuendlich, 07:00 - 17:00 Uhr UTC
=======================================================

TAG: Sonntag, 06.09.2026
-------------------------------------------------------
Std(UTC) | Thermik[m/s] | Arbhoehe[m] | PFD/h[km/h] | BewHoch[/8] | BewMittel[/8] | BewTief[/8] | WindRicht[°] | Wind[km/h] | Temp[°C] | Taupunkt[°C]
07 | 0.7 | 0 | 0 | 2 | 0 | 2 | 125 | 7 | 13 | 10
08 | 1 | 100 | 0 | 5 | 0 | 2 | 140 | 7 | 14 | 10
09 | 1.3 | 200 | 0 | 4 | 0 | 1 | 170 | 11 | 16 | 9
10 | 1.5 | 300 | 0 | 3 | 0 | 0 | 165 | 11 | 17 | 9
11 | 1.6 | 400 | 0 | 4 | 0 | 0 | 155 | 11 | 19 | 8
12 | 1.6 | 400 | 0 | 5 | 2 | 0 | 170 | 11 | 20 | 8
13 | 1.6 | 500 | 0 | 5 | 3 | 0 | 165 | 11 | 21 | 8
14 | 1.3 | 300 | 0 | 6 | 5 | 0 | 170 | 11 | 22 | 8
15 | 1.2 | 300 | 0 | 3 | 3 | 0 | 155 | 11 | 22 | 9
16 | 0.7 | 100 | 0 | 1 | 5 | 0 | 145 | 11 | 23 | 9
17 | 0.3 | 0 | 0 | 2 | 7 | 0 | 135 | 14 | 21 | 10
PFD Tagessumme: 0 km
-------------------------------------------------------

TAG: Montag, 07.09.2026
-------------------------------------------------------
Std(UTC) | Thermik[m/s] | Arbhoehe[m] | PFD/h[km/h] | BewHoch[/8] | BewMittel[/8] | BewTief[/8] | WindRicht[°] | Wind[km/h] | Temp[°C] | Taupunkt[°C]
07 | 0.4 | 0 | 0 | 5 | 6 | 0 | 160 | 11 | 19 | 12
08 | 0.6 | 0 | 0 | 2 | 5 | 0 | 170 | 14 | 20 | 12
09 | 0.8 | 0 | 0 | 2 | 5 | 0 | 165 | 14 | 21 | 12
10 | 0.9 | 0 | 0 | 3 | 4 | 0 | 170 | 18 | 23 | 13
11 | 1.2 | 200 | 0 | 4 | 3 | 0 | 180 | 18 | 24 | 14
12 | 1.9 | 800 | 40 | 4 | 2 | 2 | 210 | 22 | 26 | 15
13 | 2 | 900 | 50 | 0 | 2 | 6 | 225 | 22 | 27 | 15
14 | 1.6 | 800 | 30 | 1 | 6 | 7 | 240 | 25 | 27 | 16
15 | 0.8 | 300 | 0 | 0 | 7 | 7 | 245 | 22 | 25 | 16
16 | 0.6 | 100 | 0 | 2 | 7 | 7 | 245 | 22 | 24 | 16
17 | 0.3 | 0 | 0 | 3 | 7 | 7 | 240 | 18 | 23 | 17
PFD Tagessumme: 120 km
-------------------------------------------------------

TAG: Dienstag, 08.09.2026
-------------------------------------------------------
Std(UTC) | Thermik[m/s] | Arbhoehe[m] | PFD/h[km/h] | BewHoch[/8] | BewMittel[/8] | BewTief[/8] | WindRicht[°] | Wind[km/h] | Temp[°C] | Taupunkt[°C]
07 | 0.2 | 0 | 0 | 6 | 6 | 5 | 195 | 7 | 16 | 13
08 | 0.6 | 0 | 0 | 6 | 5 | 3 | 195 | 14 | 17 | 12
09 | 1 | 0 | 0 | 6 | 2 | 2 | 200 | 14 | 17 | 12
10 | 1.4 | 400 | 0 | 6 | 1 | 1 | 210 | 14 | 19 | 11
11 | 1.3 | 300 | 0 | 6 | 4 | 0 | 215 | 14 | 19 | 9
12 | 1.2 | 300 | 0 | 6 | 5 | 1 | 220 | 14 | 19 | 9
13 | 1.2 | 300 | 0 | 6 | 6 | 2 | 230 | 18 | 20 | 10
14 | 1.3 | 400 | 0 | 6 | 6 | 5 | 235 | 14 | 20 | 10
15 | 0.9 | 300 | 0 | 4 | 6 | 7 | 235 | 14 | 19 | 12
16 | 0.7 | 100 | 0 | 4 | 6 | 6 | 245 | 18 | 19 | 12
17 | 0.4 | 0 | 0 | 3 | 5 | 3 | 245 | 14 | 18 | 11
PFD Tagessumme: 0 km
-------------------------------------------------------

Ende des Exports.
=======================================================