=======================================================
THERMIK-PROGNOSE DATENEXPORT
=======================================================
Quelle:            Thermalmap.info
                    https://www.thermalmap.info/forecast/widget.php?lat=51.2645&lon=6.850662&interval=1&days=3
Standort:           Düsseldorf-Wolfsaap (Dues-W)
Verein:             SFG
Koordinaten:        51.2645 N / 6.850662 E
Ausfuehrung:        16.09.2026 07:34:46
Zeitfenster:        16.09.2026 - 18.09.2026 (3 Tage)
Aufloesung:         stuendlich, 07:00 - 17:00 Uhr UTC
=======================================================

TAG: Mittwoch, 16.09.2026
-------------------------------------------------------
Std(UTC) | Thermik[m/s] | Arbhoehe[m] | PFD/h[km/h] | BewHoch[/8] | BewMittel[/8] | BewTief[/8] | WindRicht[°] | Wind[km/h] | Temp[°C] | Taupunkt[°C]
07 | 0.7 | 0 | 0 | 0 | 3 | 6 | 300 | 11 | 16 | 14
08 | 1.2 | 200 | 0 | 0 | 5 | 5 | 290 | 11 | 17 | 13
09 | 1.5 | 500 | 0 | 0 | 1 | 7 | 280 | 14 | 18 | 12
10 | 1.9 | 700 | 15 | 0 | 1 | 6 | 275 | 14 | 18 | 11
11 | 2.1 | 900 | 75 | 0 | 2 | 6 | 275 | 18 | 19 | 10
12 | 2 | 1000 | 75 | 0 | 3 | 7 | 275 | 18 | 20 | 10
13 | 1.5 | 700 | 40 | 0 | 3 | 8 | 275 | 18 | 19 | 10
14 | 1.5 | 500 | 15 | 0 | 4 | 6 | 275 | 22 | 19 | 11
15 | 1.4 | 600 | 20 | 0 | 2 | 6 | 285 | 18 | 19 | 11
16 | 1 | 400 | 0 | 0 | 6 | 6 | 285 | 18 | 18 | 11
17 | 0.6 | 100 | 0 | 1 | 4 | 7 | 280 | 14 | 17 | 11
PFD Tagessumme: 240 km
-------------------------------------------------------

TAG: Donnerstag, 17.09.2026
-------------------------------------------------------
Std(UTC) | Thermik[m/s] | Arbhoehe[m] | PFD/h[km/h] | BewHoch[/8] | BewMittel[/8] | BewTief[/8] | WindRicht[°] | Wind[km/h] | Temp[°C] | Taupunkt[°C]
07 | 0.7 | 0 | 0 | 5 | 1 | 5 | 190 | 14 | 13 | 11
08 | 0.9 | 0 | 0 | 6 | 2 | 5 | 190 | 14 | 14 | 10
09 | 1.2 | 200 | 0 | 5 | 5 | 6 | 195 | 18 | 15 | 10
10 | 1.3 | 300 | 0 | 6 | 5 | 8 | 210 | 18 | 16 | 10
11 | 1.5 | 500 | 5 | 5 | 6 | 8 | 230 | 22 | 16 | 10
12 | 1.5 | 500 | 0 | 6 | 6 | 7 | 235 | 22 | 17 | 10
13 | 1.5 | 500 | 5 | 6 | 6 | 4 | 235 | 22 | 17 | 8
14 | 1.5 | 600 | 5 | 6 | 6 | 6 | 240 | 22 | 17 | 8
15 | 1.2 | 400 | 0 | 5 | 6 | 6 | 245 | 22 | 17 | 8
16 | 0.7 | 100 | 0 | 3 | 7 | 6 | 235 | 18 | 16 | 9
17 | 0.6 | 0 | 0 | 2 | 7 | 7 | 235 | 18 | 16 | 9
PFD Tagessumme: 15 km
-------------------------------------------------------

TAG: Freitag, 18.09.2026
-------------------------------------------------------
Std(UTC) | Thermik[m/s] | Arbhoehe[m] | PFD/h[km/h] | BewHoch[/8] | BewMittel[/8] | BewTief[/8] | WindRicht[°] | Wind[km/h] | Temp[°C] | Taupunkt[°C]
07 | 0.6 | 0 | 0 | 2 | 2 | 6 | 185 | 11 | 13 | 11
08 | 0.9 | 100 | 0 | 0 | 3 | 8 | 200 | 14 | 13 | 10
09 | 1 | 100 | 0 | 0 | 2 | 6 | 210 | 14 | 14 | 8
10 | 1.5 | 400 | 0 | 0 | 0 | 7 | 235 | 14 | 15 | 9
11 | 1.8 | 600 | 0 | 0 | 0 | 6 | 240 | 14 | 16 | 10
12 | 1.9 | 700 | 0 | 0 | 0 | 3 | 245 | 14 | 17 | 9
13 | 1.9 | 700 | 25 | 0 | 0 | 2 | 240 | 14 | 18 | 8
14 | 1.9 | 800 | 50 | 0 | 0 | 2 | 240 | 14 | 18 | 8
15 | 1.6 | 600 | 30 | 0 | 0 | 2 | 240 | 14 | 19 | 8
16 | 1 | 500 | 0 | 0 | 0 | 2 | 230 | 14 | 18 | 7
17 | 0.5 | 0 | 0 | 1 | 0 | 1 | 230 | 11 | 17 | 7
PFD Tagessumme: 105 km
-------------------------------------------------------

Ende des Exports.
=======================================================