=======================================================
THERMIK-PROGNOSE DATENEXPORT
=======================================================
Quelle:            Thermalmap.info
                    https://www.thermalmap.info/forecast/widget.php?lat=51.2645&lon=6.850662&interval=1&days=3
Standort:           Düsseldorf-Wolfsaap (Dues-W)
Verein:             SFG
Koordinaten:        51.2645 N / 6.850662 E
Ausfuehrung:        14.08.2026 06:25:36
Zeitfenster:        14.08.2026 - 16.08.2026 (3 Tage)
Aufloesung:         stuendlich, 07:00 - 17:00 Uhr UTC
=======================================================

TAG: Freitag, 14.08.2026
-------------------------------------------------------
Std(UTC) | Thermik[m/s] | Arbhoehe[m] | PFD/h[km/h] | BewHoch[/8] | BewMittel[/8] | BewTief[/8] | WindRicht[°] | Wind[km/h] | Temp[°C] | Taupunkt[°C]
07 | 0.6 | 0 | 0 | 0 | 0 | 0 | 205 | 7 | 25 | 8
08 | 1.2 | 100 | 0 | 0 | 0 | 0 | 210 | 11 | 25 | 9
09 | 1.4 | 300 | 0 | 0 | 0 | 0 | 200 | 7 | 26 | 9
10 | 1.7 | 400 | 0 | 0 | 0 | 0 | 200 | 7 | 28 | 9
11 | 1.9 | 600 | 0 | 0 | 0 | 0 | 200 | 7 | 29 | 9
12 | 2 | 700 | 15 | 0 | 0 | 0 | 220 | 7 | 30 | 9
13 | 2.1 | 900 | 60 | 0 | 0 | 0 | 225 | 11 | 31 | 9
14 | 2.1 | 1000 | 75 | 0 | 0 | 0 | 245 | 11 | 32 | 10
15 | 1.9 | 1000 | 65 | 0 | 0 | 0 | 260 | 11 | 32 | 10
16 | 1.6 | 700 | 45 | 0 | 0 | 0 | 275 | 11 | 32 | 10
17 | 0.9 | 400 | 10 | 0 | 0 | 0 | 300 | 7 | 31 | 11
PFD Tagessumme: 270 km
-------------------------------------------------------

TAG: Samstag, 15.08.2026
-------------------------------------------------------
Std(UTC) | Thermik[m/s] | Arbhoehe[m] | PFD/h[km/h] | BewHoch[/8] | BewMittel[/8] | BewTief[/8] | WindRicht[°] | Wind[km/h] | Temp[°C] | Taupunkt[°C]
07 | 0.8 | 0 | 0 | 0 | 6 | 0 | 180 | 7 | 23 | 16
08 | 1 | 100 | 0 | 0 | 6 | 0 | 270 | 7 | 24 | 16
09 | 1.3 | 200 | 0 | 1 | 7 | 0 | 145 | 4 | 25 | 16
10 | 1.6 | 400 | 0 | 1 | 6 | 0 | 270 | 7 | 26 | 15
11 | 1.6 | 400 | 0 | 2 | 6 | 0 | 155 | 7 | 28 | 15
12 | 1.9 | 600 | 0 | 2 | 6 | 0 | 205 | 7 | 29 | 15
13 | 2 | 900 | 55 | 2 | 6 | 0 | 305 | 11 | 30 | 15
14 | 1.9 | 800 | 45 | 4 | 6 | 0 | 290 | 7 | 30 | 15
15 | 1.2 | 300 | 10 | 6 | 6 | 0 | 190 | 7 | 30 | 15
16 | 0.9 | 100 | 0 | 3 | 6 | 0 | 165 | 7 | 30 | 15
17 | 0.5 | 0 | 0 | 4 | 6 | 0 | 220 | 11 | 29 | 16
PFD Tagessumme: 110 km
-------------------------------------------------------

TAG: Sonntag, 16.08.2026
-------------------------------------------------------
Std(UTC) | Thermik[m/s] | Arbhoehe[m] | PFD/h[km/h] | BewHoch[/8] | BewMittel[/8] | BewTief[/8] | WindRicht[°] | Wind[km/h] | Temp[°C] | Taupunkt[°C]
07 | 0.4 | 0 | 0 | 6 | 7 | 7 | 235 | 7 | 19 | 18
08 | 0.5 | 0 | 0 | 6 | 7 | 8 | 305 | 11 | 18 | 18
09 | 0.6 | 0 | 0 | 6 | 7 | 8 | 305 | 11 | 18 | 17
10 | 0.8 | 0 | 0 | 6 | 7 | 8 | 330 | 11 | 17 | 16
11 | 1 | 100 | 0 | 6 | 7 | 8 | 310 | 14 | 18 | 16
12 | 1.3 | 200 | 0 | 3 | 5 | 8 | 65 | 11 | 19 | 16
13 | 1.6 | 400 | 0 | 2 | 1 | 8 | 45 | 11 | 21 | 16
14 | 1.3 | 400 | 0 | 3 | 0 | 8 | 130 | 11 | 21 | 15
15 | 1 | 200 | 0 | 2 | 0 | 8 | 270 | 11 | 21 | 16
16 | 0.8 | 100 | 0 | 2 | 0 | 8 | 310 | 11 | 21 | 16
17 | 0.6 | 100 | 0 | 2 | 0 | 8 | 295 | 11 | 21 | 16
PFD Tagessumme: 0 km
-------------------------------------------------------

Ende des Exports.
=======================================================