=======================================================
THERMIK-PROGNOSE DATENEXPORT
=======================================================
Quelle:            Thermalmap.info
                    https://www.thermalmap.info/forecast/widget.php?lat=51.2645&lon=6.850662&interval=1&days=3
Standort:           Düsseldorf-Wolfsaap (Dues-W)
Verein:             SFG
Koordinaten:        51.2645 N / 6.850662 E
Ausfuehrung:        18.08.2026 06:09:12
Zeitfenster:        18.08.2026 - 20.08.2026 (3 Tage)
Aufloesung:         stuendlich, 07:00 - 17:00 Uhr UTC
=======================================================

TAG: Dienstag, 18.08.2026
-------------------------------------------------------
Std(UTC) | Thermik[m/s] | Arbhoehe[m] | PFD/h[km/h] | BewHoch[/8] | BewMittel[/8] | BewTief[/8] | WindRicht[°] | Wind[km/h] | Temp[°C] | Taupunkt[°C]
07 | 0.3 | 0 | 0 | 5 | 7 | 8 | 205 | 11 | 17 | 16
08 | 0.7 | 100 | 0 | 3 | 7 | 8 | 205 | 11 | 17 | 16
09 | 0.6 | 100 | 0 | 2 | 7 | 8 | 225 | 14 | 18 | 15
10 | 0.5 | 100 | 0 | 2 | 7 | 8 | 220 | 18 | 19 | 15
11 | 0.6 | 0 | 0 | 2 | 7 | 8 | 235 | 22 | 18 | 14
12 | 0.8 | 100 | 0 | 2 | 7 | 8 | 240 | 22 | 19 | 14
13 | 0.8 | 100 | 0 | 4 | 7 | 8 | 245 | 22 | 20 | 15
14 | 0.6 | 100 | 0 | 5 | 7 | 8 | 245 | 18 | 20 | 16
15 | 0.7 | 100 | 0 | 5 | 2 | 8 | 245 | 18 | 21 | 17
16 | 0.4 | 0 | 0 | 5 | 1 | 7 | 255 | 14 | 21 | 18
17 | 0.3 | 0 | 0 | 5 | 1 | 6 | 275 | 14 | 22 | 17
PFD Tagessumme: 0 km
-------------------------------------------------------

TAG: Mittwoch, 19.08.2026
-------------------------------------------------------
Std(UTC) | Thermik[m/s] | Arbhoehe[m] | PFD/h[km/h] | BewHoch[/8] | BewMittel[/8] | BewTief[/8] | WindRicht[°] | Wind[km/h] | Temp[°C] | Taupunkt[°C]
07 | 0.4 | 0 | 0 | 7 | 6 | 6 | 220 | 11 | 19 | 17
08 | 0.6 | 0 | 0 | 6 | 7 | 6 | 245 | 14 | 19 | 16
09 | 0.7 | 0 | 0 | 6 | 6 | 6 | 235 | 14 | 19 | 16
10 | 0.9 | 100 | 0 | 6 | 7 | 6 | 235 | 18 | 19 | 15
11 | 0.8 | 100 | 0 | 6 | 7 | 6 | 225 | 18 | 18 | 13
12 | 1.3 | 200 | 0 | 6 | 7 | 6 | 215 | 18 | 18 | 12
13 | 1 | 100 | 0 | 6 | 7 | 6 | 205 | 14 | 18 | 12
14 | 1.4 | 300 | 5 | 5 | 6 | 7 | 195 | 18 | 19 | 13
15 | 1.3 | 300 | 0 | 3 | 6 | 8 | 205 | 14 | 19 | 14
16 | 0.9 | 100 | 0 | 3 | 7 | 6 | 205 | 14 | 19 | 14
17 | 0.5 | 0 | 0 | 2 | 7 | 7 | 215 | 11 | 18 | 15
PFD Tagessumme: 5 km
-------------------------------------------------------

TAG: Donnerstag, 20.08.2026
-------------------------------------------------------
Std(UTC) | Thermik[m/s] | Arbhoehe[m] | PFD/h[km/h] | BewHoch[/8] | BewMittel[/8] | BewTief[/8] | WindRicht[°] | Wind[km/h] | Temp[°C] | Taupunkt[°C]
07 | 0.9 | 0 | 0 | 0 | 0 | 6 | 200 | 11 | 17 | 14
08 | 1.4 | 300 | 0 | 0 | 0 | 6 | 200 | 14 | 19 | 14
09 | 1.9 | 800 | 20 | 0 | 0 | 6 | 215 | 14 | 20 | 12
10 | 1.9 | 900 | 50 | 0 | 0 | 7 | 225 | 18 | 21 | 11
11 | 2.5 | 1400 | 95 | 0 | 0 | 4 | 235 | 22 | 22 | 10
12 | 2.6 | 1400 | 95 | 0 | 0 | 2 | 235 | 22 | 23 | 9
13 | 2.6 | 1400 | 95 | 0 | 0 | 1 | 240 | 22 | 23 | 8
14 | 2.5 | 1400 | 90 | 0 | 1 | 3 | 240 | 22 | 23 | 9
15 | 1.8 | 1000 | 60 | 0 | 6 | 6 | 240 | 18 | 23 | 10
16 | 1.6 | 900 | 50 | 0 | 4 | 6 | 240 | 14 | 23 | 10
17 | 0.7 | 100 | 0 | 0 | 7 | 7 | 230 | 18 | 19 | 14
PFD Tagessumme: 555 km
-------------------------------------------------------

Ende des Exports.
=======================================================