=======================================================
THERMIK-PROGNOSE DATENEXPORT
=======================================================
Quelle:            Thermalmap.info
                    https://www.thermalmap.info/forecast/widget.php?lat=51.2645&lon=6.850662&interval=1&days=3
Standort:           Düsseldorf-Wolfsaap (Dues-W)
Verein:             SFG
Koordinaten:        51.2645 N / 6.850662 E
Ausfuehrung:        13.08.2026 07:00:55
Zeitfenster:        13.08.2026 - 15.08.2026 (3 Tage)
Aufloesung:         stuendlich, 07:00 - 17:00 Uhr UTC
=======================================================

TAG: Donnerstag, 13.08.2026
-------------------------------------------------------
Std(UTC) | Thermik[m/s] | Arbhoehe[m] | PFD/h[km/h] | BewHoch[/8] | BewMittel[/8] | BewTief[/8] | WindRicht[°] | Wind[km/h] | Temp[°C] | Taupunkt[°C]
07 | 0.6 | 0 | 0 | 0 | 0 | 0 | 85 | 7 | 21 | 8
08 | 1 | 100 | 0 | 0 | 0 | 0 | 95 | 7 | 23 | 8
09 | 1.4 | 300 | 0 | 0 | 0 | 0 | 115 | 11 | 25 | 8
10 | 1.7 | 500 | 0 | 0 | 0 | 0 | 135 | 11 | 26 | 8
11 | 1.9 | 600 | 0 | 0 | 0 | 0 | 150 | 11 | 28 | 8
12 | 2 | 700 | 0 | 0 | 0 | 0 | 150 | 11 | 29 | 8
13 | 2.1 | 800 | 40 | 0 | 0 | 0 | 150 | 11 | 30 | 10
14 | 2 | 800 | 45 | 0 | 0 | 0 | 150 | 14 | 31 | 10
15 | 1.8 | 800 | 40 | 1 | 0 | 0 | 150 | 14 | 31 | 9
16 | 1.4 | 500 | 30 | 1 | 0 | 0 | 150 | 14 | 31 | 9
17 | 0.8 | 400 | 0 | 0 | 0 | 0 | 145 | 11 | 30 | 10
PFD Tagessumme: 155 km
-------------------------------------------------------

TAG: Freitag, 14.08.2026
-------------------------------------------------------
Std(UTC) | Thermik[m/s] | Arbhoehe[m] | PFD/h[km/h] | BewHoch[/8] | BewMittel[/8] | BewTief[/8] | WindRicht[°] | Wind[km/h] | Temp[°C] | Taupunkt[°C]
07 | 0.6 | 0 | 0 | 0 | 0 | 0 | 200 | 7 | 26 | 9
08 | 1.2 | 100 | 0 | 0 | 0 | 0 | 210 | 11 | 26 | 9
09 | 1.4 | 300 | 0 | 0 | 0 | 0 | 195 | 11 | 27 | 9
10 | 1.7 | 500 | 0 | 0 | 0 | 0 | 195 | 11 | 29 | 9
11 | 1.9 | 600 | 0 | 0 | 0 | 0 | 200 | 11 | 30 | 10
12 | 2.1 | 800 | 40 | 0 | 0 | 0 | 220 | 11 | 31 | 10
13 | 2.3 | 900 | 75 | 0 | 0 | 0 | 245 | 11 | 32 | 11
14 | 2.1 | 900 | 75 | 0 | 0 | 0 | 260 | 11 | 32 | 11
15 | 1.9 | 900 | 55 | 0 | 0 | 0 | 265 | 11 | 32 | 11
16 | 1.6 | 600 | 40 | 0 | 0 | 0 | 270 | 11 | 32 | 11
17 | 1 | 500 | 10 | 0 | 0 | 0 | 280 | 11 | 32 | 12
PFD Tagessumme: 295 km
-------------------------------------------------------

TAG: Samstag, 15.08.2026
-------------------------------------------------------
Std(UTC) | Thermik[m/s] | Arbhoehe[m] | PFD/h[km/h] | BewHoch[/8] | BewMittel[/8] | BewTief[/8] | WindRicht[°] | Wind[km/h] | Temp[°C] | Taupunkt[°C]
07 | 0.7 | 0 | 0 | 4 | 6 | 2 | 315 | 7 | 22 | 16
08 | 0.7 | 0 | 0 | 6 | 6 | 2 | 300 | 7 | 22 | 16
09 | 1.3 | 200 | 0 | 6 | 6 | 2 | 135 | 4 | 23 | 16
10 | 1.7 | 500 | 0 | 4 | 5 | 3 | 215 | 7 | 25 | 15
11 | 2 | 700 | 5 | 4 | 6 | 5 | 170 | 11 | 26 | 14
12 | 2.1 | 800 | 65 | 2 | 7 | 6 | 115 | 7 | 26 | 14
13 | 2.1 | 900 | 60 | 2 | 6 | 6 | 90 | 7 | 27 | 14
14 | 2 | 900 | 65 | 2 | 4 | 6 | 195 | 7 | 28 | 15
15 | 1.8 | 900 | 55 | 0 | 1 | 6 | 280 | 11 | 27 | 15
16 | 1.7 | 800 | 40 | 0 | 1 | 7 | 205 | 14 | 27 | 16
17 | 1.2 | 400 | 5 | 1 | 1 | 6 | 135 | 14 | 26 | 16
PFD Tagessumme: 295 km
-------------------------------------------------------

Ende des Exports.
=======================================================