=======================================================
THERMIK-PROGNOSE DATENEXPORT
=======================================================
Quelle:            Thermalmap.info
                    https://www.thermalmap.info/forecast/widget.php?lat=51.2645&lon=6.850662&interval=1&days=3
Standort:           Düsseldorf-Wolfsaap (Dues-W)
Verein:             SFG
Koordinaten:        51.2645 N / 6.850662 E
Ausfuehrung:        23.09.2026 06:53:44
Zeitfenster:        23.09.2026 - 25.09.2026 (3 Tage)
Aufloesung:         stuendlich, 07:00 - 17:00 Uhr UTC
=======================================================

TAG: Mittwoch, 23.09.2026
-------------------------------------------------------
Std(UTC) | Thermik[m/s] | Arbhoehe[m] | PFD/h[km/h] | BewHoch[/8] | BewMittel[/8] | BewTief[/8] | WindRicht[°] | Wind[km/h] | Temp[°C] | Taupunkt[°C]
07 | 0.4 | 0 | 0 | 1 | 0 | 0 | 160 | 7 | 11 | 7
08 | 0.8 | 0 | 0 | 2 | 0 | 0 | 175 | 7 | 12 | 7
09 | 1.2 | 100 | 0 | 3 | 0 | 0 | 180 | 11 | 13 | 6
10 | 1.2 | 100 | 0 | 2 | 0 | 0 | 185 | 11 | 14 | 5
11 | 1.3 | 200 | 0 | 2 | 0 | 0 | 185 | 11 | 15 | 4
12 | 1.4 | 300 | 0 | 1 | 0 | 0 | 185 | 11 | 17 | 3
13 | 1.3 | 300 | 0 | 2 | 2 | 1 | 215 | 11 | 18 | 3
14 | 1.2 | 200 | 0 | 2 | 2 | 2 | 230 | 11 | 18 | 7
15 | 1.2 | 200 | 0 | 0 | 0 | 2 | 230 | 11 | 18 | 9
16 | 0.6 | 0 | 0 | 0 | 6 | 5 | 255 | 11 | 18 | 10
17 | 0.2 | 0 | 0 | 0 | 6 | 6 | 265 | 11 | 17 | 10
PFD Tagessumme: 0 km
-------------------------------------------------------

TAG: Donnerstag, 24.09.2026
-------------------------------------------------------
Std(UTC) | Thermik[m/s] | Arbhoehe[m] | PFD/h[km/h] | BewHoch[/8] | BewMittel[/8] | BewTief[/8] | WindRicht[°] | Wind[km/h] | Temp[°C] | Taupunkt[°C]
07 | 0.7 | 0 | 0 | 0 | 1 | 6 | 320 | 18 | 13 | 10
08 | 1 | 100 | 0 | 0 | 0 | 7 | 315 | 14 | 13 | 9
09 | 1.2 | 200 | 0 | 0 | 1 | 8 | 290 | 14 | 13 | 9
10 | 1.2 | 200 | 0 | 0 | 2 | 8 | 280 | 18 | 13 | 9
11 | 1.5 | 400 | 0 | 0 | 1 | 7 | 285 | 14 | 14 | 8
12 | 1.8 | 500 | 0 | 0 | 0 | 6 | 305 | 14 | 16 | 9
13 | 1.9 | 700 | 30 | 0 | 0 | 7 | 300 | 14 | 17 | 9
14 | 1.2 | 500 | 10 | 0 | 0 | 8 | 315 | 14 | 17 | 8
15 | 0.8 | 300 | 0 | 0 | 0 | 8 | 315 | 11 | 17 | 8
16 | 0.6 | 0 | 0 | 0 | 0 | 8 | 315 | 11 | 17 | 8
17 | 0.2 | 0 | 0 | 0 | 0 | 8 | 315 | 11 | 16 | 8
PFD Tagessumme: 40 km
-------------------------------------------------------

TAG: Freitag, 25.09.2026
-------------------------------------------------------
Std(UTC) | Thermik[m/s] | Arbhoehe[m] | PFD/h[km/h] | BewHoch[/8] | BewMittel[/8] | BewTief[/8] | WindRicht[°] | Wind[km/h] | Temp[°C] | Taupunkt[°C]
07 | 0.4 | 0 | 0 | 3 | 0 | 0 | 175 | 7 | 11 | 8
08 | 0.8 | 0 | 0 | 5 | 0 | 1 | 180 | 14 | 11 | 6
09 | 0.9 | 0 | 0 | 4 | 0 | 0 | 175 | 18 | 12 | 5
10 | 1.2 | 100 | 0 | 2 | 0 | 0 | 175 | 14 | 13 | 5
11 | 1.3 | 200 | 0 | 1 | 0 | 0 | 185 | 14 | 15 | 5
12 | 1.4 | 300 | 0 | 0 | 0 | 0 | 195 | 14 | 17 | 5
13 | 1.4 | 300 | 0 | 0 | 0 | 0 | 200 | 14 | 18 | 5
14 | 1.4 | 300 | 0 | 0 | 0 | 0 | 220 | 14 | 19 | 5
15 | 1.2 | 300 | 0 | 0 | 0 | 0 | 245 | 14 | 19 | 7
16 | 0.6 | 0 | 0 | 0 | 0 | 0 | 255 | 11 | 19 | 7
17 | 0 | 0 | 0 | 0 | 0 | 0 | 245 | 11 | 17 | 6
PFD Tagessumme: 0 km
-------------------------------------------------------

Ende des Exports.
=======================================================