=======================================================
THERMIK-PROGNOSE DATENEXPORT
=======================================================
Quelle:            Thermalmap.info
                    https://www.thermalmap.info/forecast/widget.php?lat=51.2645&lon=6.850662&interval=1&days=3
Standort:           Düsseldorf-Wolfsaap (Dues-W)
Verein:             SFG
Koordinaten:        51.2645 N / 6.850662 E
Ausfuehrung:        11.08.2026 17:17:16
Zeitfenster:        11.08.2026 - 13.08.2026 (3 Tage)
Aufloesung:         stuendlich, 07:00 - 17:00 Uhr UTC
=======================================================

TAG: Dienstag, 11.08.2026
-------------------------------------------------------
Std(UTC) | Thermik[m/s] | Arbhoehe[m] | PFD/h[km/h] | BewHoch[/8] | BewMittel[/8] | BewTief[/8] | WindRicht[°] | Wind[km/h] | Temp[°C] | Taupunkt[°C]
07 | 1 | 0 | 0 | 1 | 0 | 0 | 35 | 7 | 17 | 10
08 | 1.4 | 300 | 0 | 1 | 0 | 0 | 30 | 11 | 18 | 10
09 | 1.8 | 500 | 0 | 0 | 0 | 0 | 40 | 14 | 19 | 9
10 | 1.9 | 600 | 0 | 0 | 0 | 0 | 40 | 11 | 20 | 8
11 | 2.1 | 700 | 5 | 0 | 0 | 0 | 50 | 14 | 21 | 7
12 | 2.3 | 800 | 35 | 1 | 0 | 0 | 50 | 11 | 23 | 7
13 | 2.3 | 800 | 50 | 1 | 0 | 0 | 55 | 11 | 23 | 6
14 | 2.1 | 800 | 55 | 1 | 0 | 0 | 55 | 14 | 24 | 5
15 | 2 | 800 | 45 | 0 | 0 | 0 | 55 | 11 | 24 | 5
16 | 1.7 | 600 | 35 | 0 | 0 | 0 | 60 | 11 | 24 | 5
17 | 1 | 400 | 0 | 0 | 0 | 0 | 55 | 14 | 24 | 6
PFD Tagessumme: 225 km
-------------------------------------------------------

TAG: Mittwoch, 12.08.2026
-------------------------------------------------------
Std(UTC) | Thermik[m/s] | Arbhoehe[m] | PFD/h[km/h] | BewHoch[/8] | BewMittel[/8] | BewTief[/8] | WindRicht[°] | Wind[km/h] | Temp[°C] | Taupunkt[°C]
07 | 0.8 | 0 | 0 | 0 | 0 | 0 | 85 | 4 | 18 | 10
08 | 1.2 | 100 | 0 | 2 | 0 | 0 | 100 | 7 | 20 | 11
09 | 1.5 | 300 | 0 | 1 | 0 | 0 | 110 | 7 | 22 | 11
10 | 1.7 | 400 | 0 | 0 | 0 | 0 | 115 | 7 | 23 | 12
11 | 1.9 | 600 | 0 | 0 | 0 | 0 | 120 | 7 | 25 | 12
12 | 2.1 | 700 | 0 | 0 | 0 | 0 | 120 | 7 | 26 | 13
13 | 2.1 | 800 | 40 | 0 | 0 | 0 | 115 | 7 | 28 | 13
14 | 2.1 | 900 | 55 | 0 | 0 | 0 | 115 | 7 | 29 | 13
15 | 2 | 900 | 55 | 0 | 0 | 0 | 100 | 11 | 29 | 13
16 | 1.7 | 800 | 45 | 0 | 0 | 0 | 105 | 11 | 29 | 14
17 | 1.2 | 500 | 5 | 0 | 0 | 0 | 100 | 11 | 29 | 14
PFD Tagessumme: 200 km
-------------------------------------------------------

TAG: Donnerstag, 13.08.2026
-------------------------------------------------------
Std(UTC) | Thermik[m/s] | Arbhoehe[m] | PFD/h[km/h] | BewHoch[/8] | BewMittel[/8] | BewTief[/8] | WindRicht[°] | Wind[km/h] | Temp[°C] | Taupunkt[°C]
07 | 0.6 | 0 | 0 | 0 | 0 | 0 | 105 | 7 | 22 | 9
08 | 1.2 | 100 | 0 | 0 | 0 | 0 | 125 | 7 | 24 | 9
09 | 1.4 | 300 | 0 | 0 | 0 | 0 | 130 | 7 | 25 | 9
10 | 1.7 | 500 | 0 | 0 | 0 | 0 | 140 | 11 | 27 | 8
11 | 1.9 | 600 | 0 | 0 | 0 | 0 | 145 | 11 | 28 | 8
12 | 2 | 700 | 0 | 0 | 0 | 0 | 150 | 11 | 29 | 8
13 | 2.1 | 800 | 40 | 0 | 0 | 0 | 150 | 14 | 30 | 8
14 | 2 | 800 | 45 | 0 | 0 | 0 | 160 | 14 | 31 | 8
15 | 1.9 | 800 | 50 | 0 | 0 | 0 | 155 | 14 | 31 | 9
16 | 1.5 | 600 | 40 | 0 | 0 | 0 | 160 | 14 | 31 | 9
17 | 0.9 | 400 | 5 | 0 | 0 | 0 | 150 | 14 | 31 | 10
PFD Tagessumme: 180 km
-------------------------------------------------------

Ende des Exports.
=======================================================