=======================================================
THERMIK-PROGNOSE DATENEXPORT
=======================================================
Quelle:            Thermalmap.info
                    https://www.thermalmap.info/forecast/widget.php?lat=51.2645&lon=6.850662&interval=1&days=3
Standort:           Düsseldorf-Wolfsaap (Dues-W)
Verein:             SFG
Koordinaten:        51.2645 N / 6.850662 E
Ausfuehrung:        02.10.2026 07:06:41
Zeitfenster:        01.10.2026 - 03.10.2026 (3 Tage)
Aufloesung:         stuendlich, 07:00 - 17:00 Uhr UTC
=======================================================

TAG: Donnerstag, 01.10.2026
-------------------------------------------------------
Std(UTC) | Thermik[m/s] | Arbhoehe[m] | PFD/h[km/h] | BewHoch[/8] | BewMittel[/8] | BewTief[/8] | WindRicht[°] | Wind[km/h] | Temp[°C] | Taupunkt[°C]
07 | 0.1 | 0 | 0 | 6 | 7 | 7 | 165 | 11 | 19 | 17
08 | 0.2 | 0 | 0 | 6 | 7 | 8 | 170 | 11 | 19 | 18
09 | 0.3 | 0 | 0 | 5 | 7 | 8 | 180 | 14 | 19 | 17
10 | 0.4 | 0 | 0 | 4 | 7 | 8 | 180 | 11 | 19 | 17
11 | 0.5 | 0 | 0 | 5 | 7 | 8 | 190 | 11 | 19 | 18
12 | 0.5 | 0 | 0 | 2 | 7 | 8 | 240 | 14 | 19 | 17
13 | 0.7 | 100 | 0 | 4 | 7 | 7 | 270 | 14 | 19 | 16
14 | 0.6 | 0 | 0 | 5 | 7 | 7 | 260 | 14 | 19 | 16
15 | 0.4 | 0 | 0 | 6 | 7 | 6 | 265 | 14 | 19 | 14
16 | 0.3 | 0 | 0 | 6 | 7 | 6 | 265 | 11 | 18 | 14
17 | 0.2 | 0 | 0 | 6 | 7 | 7 | 245 | 11 | 18 | 15
PFD Tagessumme: 0 km
-------------------------------------------------------

TAG: Freitag, 02.10.2026
-------------------------------------------------------
Std(UTC) | Thermik[m/s] | Arbhoehe[m] | PFD/h[km/h] | BewHoch[/8] | BewMittel[/8] | BewTief[/8] | WindRicht[°] | Wind[km/h] | Temp[°C] | Taupunkt[°C]
07 | 0.4 | 0 | 0 | 0 | 0 | 6 | 250 | 7 | 13 | 12
08 | 0.7 | 0 | 0 | 2 | 0 | 7 | 275 | 7 | 13 | 11
09 | 1 | 100 | 0 | 1 | 0 | 6 | 280 | 7 | 14 | 11
10 | 1.2 | 200 | 0 | 2 | 0 | 6 | 265 | 7 | 15 | 10
11 | 1.5 | 400 | 0 | 2 | 0 | 4 | 260 | 7 | 16 | 10
12 | 1.6 | 400 | 0 | 1 | 0 | 2 | 270 | 7 | 17 | 9
13 | 1.6 | 500 | 0 | 0 | 0 | 1 | 280 | 7 | 18 | 9
14 | 1.2 | 300 | 0 | 2 | 0 | 1 | 290 | 4 | 18 | 8
15 | 1 | 300 | 0 | 2 | 0 | 1 | 260 | 4 | 18 | 8
16 | 0.6 | 0 | 0 | 2 | 0 | 1 | 135 | 4 | 17 | 9
17 | 0.2 | 0 | 0 | 3 | 0 | 1 | 125 | 7 | 16 | 8
PFD Tagessumme: 0 km
-------------------------------------------------------

TAG: Samstag, 03.10.2026
-------------------------------------------------------
Std(UTC) | Thermik[m/s] | Arbhoehe[m] | PFD/h[km/h] | BewHoch[/8] | BewMittel[/8] | BewTief[/8] | WindRicht[°] | Wind[km/h] | Temp[°C] | Taupunkt[°C]
07 | 0.4 | 0 | 0 | 4 | 0 | 6 | 220 | 7 | 11 | 9
08 | 0.8 | 0 | 0 | 4 | 0 | 3 | 80 | 4 | 12 | 8
09 | 0.9 | 0 | 0 | 4 | 0 | 3 | 135 | 4 | 13 | 8
10 | 1 | 0 | 0 | 4 | 0 | 3 | 165 | 4 | 13 | 8
11 | 1.2 | 100 | 0 | 4 | 0 | 2 | 175 | 4 | 14 | 8
12 | 1.3 | 200 | 0 | 4 | 0 | 2 | 195 | 7 | 15 | 8
13 | 1.2 | 200 | 0 | 3 | 1 | 1 | 190 | 7 | 16 | 7
14 | 0.8 | 0 | 0 | 3 | 1 | 0 | 215 | 4 | 16 | 7
15 | 0.7 | 0 | 0 | 2 | 1 | 0 | 215 | 4 | 16 | 7
16 | 0.4 | 0 | 0 | 2 | 1 | 0 | 290 | 7 | 15 | 7
17 | 0.1 | 0 | 0 | 3 | 1 | 0 | 200 | 7 | 14 | 7
PFD Tagessumme: 0 km
-------------------------------------------------------

Ende des Exports.
=======================================================