=======================================================
THERMIK-PROGNOSE DATENEXPORT
=======================================================
Quelle:            Thermalmap.info
                    https://www.thermalmap.info/forecast/widget.php?lat=51.2645&lon=6.850662&interval=1&days=3
Standort:           Düsseldorf-Wolfsaap (Dues-W)
Verein:             SFG
Koordinaten:        51.2645 N / 6.850662 E
Ausfuehrung:        18.09.2026 06:28:42
Zeitfenster:        18.09.2026 - 20.09.2026 (3 Tage)
Aufloesung:         stuendlich, 07:00 - 17:00 Uhr UTC
=======================================================

TAG: Freitag, 18.09.2026
-------------------------------------------------------
Std(UTC) | Thermik[m/s] | Arbhoehe[m] | PFD/h[km/h] | BewHoch[/8] | BewMittel[/8] | BewTief[/8] | WindRicht[°] | Wind[km/h] | Temp[°C] | Taupunkt[°C]
07 | 0.7 | 0 | 0 | 1 | 1 | 5 | 235 | 14 | 14 | 12
08 | 1.3 | 300 | 0 | 0 | 0 | 6 | 240 | 18 | 15 | 10
09 | 1.7 | 500 | 0 | 0 | 0 | 6 | 240 | 22 | 16 | 9
10 | 1.8 | 600 | 0 | 0 | 0 | 4 | 240 | 18 | 16 | 8
11 | 2 | 700 | 5 | 0 | 0 | 5 | 245 | 18 | 17 | 9
12 | 2.1 | 800 | 50 | 0 | 0 | 5 | 250 | 18 | 18 | 9
13 | 1.8 | 800 | 55 | 0 | 3 | 7 | 255 | 18 | 18 | 8
14 | 1.3 | 600 | 35 | 0 | 1 | 8 | 260 | 18 | 18 | 9
15 | 1.2 | 500 | 15 | 2 | 0 | 8 | 255 | 18 | 18 | 9
16 | 0.8 | 300 | 0 | 2 | 1 | 7 | 245 | 18 | 17 | 9
17 | 0.5 | 0 | 0 | 1 | 0 | 7 | 240 | 14 | 16 | 9
PFD Tagessumme: 160 km
-------------------------------------------------------

TAG: Samstag, 19.09.2026
-------------------------------------------------------
Std(UTC) | Thermik[m/s] | Arbhoehe[m] | PFD/h[km/h] | BewHoch[/8] | BewMittel[/8] | BewTief[/8] | WindRicht[°] | Wind[km/h] | Temp[°C] | Taupunkt[°C]
07 | 0.1 | 0 | 0 | 5 | 7 | 7 | 190 | 14 | 15 | 11
08 | 0.5 | 0 | 0 | 4 | 7 | 7 | 190 | 14 | 15 | 11
09 | 0.5 | 100 | 0 | 1 | 7 | 7 | 190 | 14 | 16 | 11
10 | 0.8 | 100 | 0 | 2 | 7 | 7 | 195 | 18 | 17 | 11
11 | 0.4 | 0 | 0 | 2 | 7 | 8 | 200 | 18 | 18 | 12
12 | 1.6 | 500 | 0 | 1 | 6 | 6 | 235 | 25 | 20 | 13
13 | 1.5 | 500 | 0 | 2 | 7 | 7 | 235 | 22 | 21 | 13
14 | 1 | 300 | 0 | 2 | 7 | 8 | 235 | 22 | 21 | 13
15 | 0.4 | 0 | 0 | 2 | 6 | 8 | 240 | 22 | 21 | 13
16 | 0 | 0 | 0 | 3 | 7 | 8 | 225 | 18 | 20 | 13
17 | 0 | 0 | 0 | 4 | 6 | 8 | 225 | 18 | 20 | 13
PFD Tagessumme: 0 km
-------------------------------------------------------

TAG: Sonntag, 20.09.2026
-------------------------------------------------------
Std(UTC) | Thermik[m/s] | Arbhoehe[m] | PFD/h[km/h] | BewHoch[/8] | BewMittel[/8] | BewTief[/8] | WindRicht[°] | Wind[km/h] | Temp[°C] | Taupunkt[°C]
07 | 0.1 | 0 | 0 | 6 | 7 | 8 | 205 | 11 | 17 | 15
08 | 0.1 | 0 | 0 | 6 | 7 | 8 | 215 | 14 | 17 | 15
09 | 0.3 | 0 | 0 | 2 | 7 | 8 | 245 | 18 | 16 | 16
10 | 0.3 | 0 | 0 | 0 | 7 | 8 | 265 | 18 | 17 | 16
11 | 0.8 | 100 | 0 | 0 | 6 | 8 | 270 | 22 | 18 | 15
12 | 1.3 | 500 | 15 | 0 | 2 | 6 | 285 | 22 | 19 | 12
13 | 1.9 | 1000 | 45 | 0 | 0 | 2 | 305 | 25 | 20 | 8
14 | 1.8 | 900 | 35 | 2 | 0 | 0 | 305 | 25 | 20 | 5
15 | 1 | 600 | 20 | 2 | 0 | 3 | 310 | 22 | 19 | 6
16 | 0.7 | 100 | 0 | 2 | 0 | 4 | 310 | 18 | 18 | 8
17 | 0.4 | 0 | 0 | 2 | 0 | 1 | 305 | 18 | 17 | 8
PFD Tagessumme: 115 km
-------------------------------------------------------

Ende des Exports.
=======================================================