=======================================================
THERMIK-PROGNOSE DATENEXPORT
=======================================================
Quelle:            Thermalmap.info
                    https://www.thermalmap.info/forecast/widget.php?lat=51.2645&lon=6.850662&interval=1&days=3
Standort:           Düsseldorf-Wolfsaap (Dues-W)
Verein:             SFG
Koordinaten:        51.2645 N / 6.850662 E
Ausfuehrung:        17.09.2026 07:30:49
Zeitfenster:        17.09.2026 - 19.09.2026 (3 Tage)
Aufloesung:         stuendlich, 07:00 - 17:00 Uhr UTC
=======================================================

TAG: Donnerstag, 17.09.2026
-------------------------------------------------------
Std(UTC) | Thermik[m/s] | Arbhoehe[m] | PFD/h[km/h] | BewHoch[/8] | BewMittel[/8] | BewTief[/8] | WindRicht[°] | Wind[km/h] | Temp[°C] | Taupunkt[°C]
07 | 0.3 | 0 | 0 | 4 | 6 | 8 | 185 | 11 | 13 | 11
08 | 0.5 | 0 | 0 | 3 | 7 | 8 | 195 | 11 | 13 | 11
09 | 0.5 | 100 | 0 | 2 | 7 | 8 | 185 | 11 | 14 | 11
10 | 1.2 | 200 | 0 | 1 | 6 | 7 | 210 | 18 | 16 | 11
11 | 1.3 | 300 | 0 | 2 | 3 | 7 | 220 | 18 | 17 | 11
12 | 1.6 | 600 | 0 | 6 | 4 | 6 | 215 | 22 | 18 | 10
13 | 0.9 | 400 | 0 | 5 | 7 | 7 | 225 | 22 | 18 | 10
14 | 0.8 | 200 | 0 | 4 | 7 | 7 | 235 | 22 | 18 | 10
15 | 0.6 | 100 | 0 | 6 | 7 | 8 | 230 | 22 | 18 | 10
16 | 0.3 | 0 | 0 | 5 | 7 | 8 | 225 | 18 | 17 | 11
17 | 0.1 | 0 | 0 | 2 | 7 | 6 | 215 | 14 | 17 | 10
PFD Tagessumme: 0 km
-------------------------------------------------------

TAG: Freitag, 18.09.2026
-------------------------------------------------------
Std(UTC) | Thermik[m/s] | Arbhoehe[m] | PFD/h[km/h] | BewHoch[/8] | BewMittel[/8] | BewTief[/8] | WindRicht[°] | Wind[km/h] | Temp[°C] | Taupunkt[°C]
07 | 0.6 | 0 | 0 | 4 | 3 | 6 | 235 | 11 | 14 | 12
08 | 1 | 100 | 0 | 2 | 3 | 7 | 230 | 11 | 14 | 11
09 | 1.2 | 200 | 0 | 0 | 2 | 8 | 220 | 14 | 14 | 10
10 | 1.4 | 400 | 0 | 0 | 1 | 8 | 225 | 14 | 15 | 10
11 | 1.6 | 500 | 0 | 0 | 0 | 7 | 235 | 18 | 16 | 10
12 | 1.9 | 800 | 30 | 0 | 0 | 7 | 235 | 14 | 17 | 9
13 | 1.8 | 800 | 40 | 0 | 4 | 7 | 245 | 14 | 18 | 9
14 | 1.8 | 800 | 55 | 0 | 2 | 7 | 250 | 14 | 18 | 9
15 | 1.2 | 600 | 30 | 0 | 2 | 8 | 255 | 14 | 18 | 9
16 | 0.9 | 400 | 5 | 1 | 4 | 7 | 250 | 11 | 18 | 9
17 | 0.4 | 0 | 0 | 1 | 4 | 7 | 245 | 14 | 17 | 9
PFD Tagessumme: 160 km
-------------------------------------------------------

TAG: Samstag, 19.09.2026
-------------------------------------------------------
Std(UTC) | Thermik[m/s] | Arbhoehe[m] | PFD/h[km/h] | BewHoch[/8] | BewMittel[/8] | BewTief[/8] | WindRicht[°] | Wind[km/h] | Temp[°C] | Taupunkt[°C]
07 | 0 | 0 | 0 | 5 | 7 | 8 | 180 | 11 | 14 | 10
08 | 0.2 | 0 | 0 | 2 | 7 | 8 | 170 | 18 | 14 | 10
09 | 0.2 | 0 | 0 | 2 | 7 | 8 | 175 | 18 | 15 | 9
10 | 0.7 | 0 | 0 | 3 | 6 | 7 | 180 | 18 | 16 | 9
11 | 1.2 | 200 | 0 | 4 | 6 | 6 | 210 | 22 | 18 | 10
12 | 1.4 | 400 | 0 | 6 | 6 | 6 | 230 | 22 | 19 | 11
13 | 1.3 | 400 | 0 | 6 | 7 | 8 | 240 | 22 | 20 | 12
14 | 1 | 200 | 0 | 6 | 7 | 6 | 230 | 22 | 19 | 12
15 | 0.7 | 100 | 0 | 5 | 7 | 6 | 230 | 18 | 19 | 12
16 | 0.2 | 0 | 0 | 2 | 6 | 8 | 230 | 18 | 19 | 11
17 | 0 | 0 | 0 | 2 | 6 | 7 | 225 | 14 | 19 | 11
PFD Tagessumme: 0 km
-------------------------------------------------------

Ende des Exports.
=======================================================