=======================================================
THERMIK-PROGNOSE DATENEXPORT
=======================================================
Quelle:            Thermalmap.info
                    https://www.thermalmap.info/forecast/widget.php?lat=51.2645&lon=6.850662&interval=1&days=3
Standort:           Düsseldorf-Wolfsaap (Dues-W)
Verein:             SFG
Koordinaten:        51.2645 N / 6.850662 E
Ausfuehrung:        03.09.2026 07:19:35
Zeitfenster:        03.09.2026 - 05.09.2026 (3 Tage)
Aufloesung:         stuendlich, 07:00 - 17:00 Uhr UTC
=======================================================

TAG: Donnerstag, 03.09.2026
-------------------------------------------------------
Std(UTC) | Thermik[m/s] | Arbhoehe[m] | PFD/h[km/h] | BewHoch[/8] | BewMittel[/8] | BewTief[/8] | WindRicht[°] | Wind[km/h] | Temp[°C] | Taupunkt[°C]
07 | 0.3 | 0 | 0 | 6 | 6 | 7 | 200 | 18 | 18 | 13
08 | 0.3 | 0 | 0 | 4 | 7 | 8 | 205 | 18 | 18 | 13
09 | 0.5 | 100 | 0 | 4 | 6 | 8 | 200 | 22 | 18 | 12
10 | 0.7 | 100 | 0 | 2 | 6 | 8 | 220 | 22 | 19 | 13
11 | 1 | 200 | 0 | 4 | 3 | 8 | 230 | 25 | 20 | 14
12 | 1.2 | 200 | 0 | 3 | 0 | 8 | 245 | 25 | 21 | 15
13 | 1.3 | 300 | 0 | 6 | 0 | 8 | 245 | 25 | 21 | 15
14 | 0.9 | 300 | 0 | 4 | 0 | 8 | 250 | 25 | 22 | 16
15 | 0.9 | 200 | 0 | 5 | 0 | 8 | 250 | 25 | 22 | 16
16 | 0.6 | 200 | 0 | 3 | 3 | 8 | 250 | 25 | 22 | 16
17 | 0.3 | 0 | 0 | 2 | 4 | 7 | 250 | 22 | 21 | 16
PFD Tagessumme: 0 km
-------------------------------------------------------

TAG: Freitag, 04.09.2026
-------------------------------------------------------
Std(UTC) | Thermik[m/s] | Arbhoehe[m] | PFD/h[km/h] | BewHoch[/8] | BewMittel[/8] | BewTief[/8] | WindRicht[°] | Wind[km/h] | Temp[°C] | Taupunkt[°C]
07 | 0.2 | 0 | 0 | 2 | 7 | 7 | 225 | 22 | 21 | 17
08 | 0.5 | 100 | 0 | 2 | 7 | 8 | 230 | 29 | 21 | 16
09 | 1.4 | 300 | 0 | 4 | 2 | 6 | 225 | 32 | 21 | 14
10 | 1.6 | 400 | 0 | 3 | 1 | 6 | 240 | 32 | 22 | 14
11 | 1.8 | 500 | 0 | 3 | 2 | 4 | 240 | 32 | 24 | 15
12 | 1.9 | 700 | 15 | 3 | 2 | 8 | 250 | 32 | 25 | 16
13 | 1.2 | 400 | 0 | 2 | 5 | 8 | 250 | 29 | 24 | 17
14 | 1.3 | 400 | 0 | 1 | 6 | 7 | 245 | 29 | 24 | 18
15 | 1 | 300 | 0 | 1 | 6 | 7 | 255 | 32 | 24 | 18
16 | 0.6 | 0 | 0 | 0 | 7 | 7 | 290 | 14 | 21 | 18
17 | 0.4 | 0 | 0 | 2 | 7 | 8 | 250 | 11 | 20 | 18
PFD Tagessumme: 15 km
-------------------------------------------------------

TAG: Samstag, 05.09.2026
-------------------------------------------------------
Std(UTC) | Thermik[m/s] | Arbhoehe[m] | PFD/h[km/h] | BewHoch[/8] | BewMittel[/8] | BewTief[/8] | WindRicht[°] | Wind[km/h] | Temp[°C] | Taupunkt[°C]
07 | 0.9 | 0 | 0 | 2 | 0 | 7 | 255 | 11 | 17 | 14
08 | 1.3 | 300 | 0 | 3 | 0 | 6 | 265 | 14 | 18 | 13
09 | 1.6 | 500 | 0 | 3 | 0 | 7 | 260 | 14 | 18 | 13
10 | 1.8 | 700 | 5 | 2 | 0 | 7 | 265 | 14 | 19 | 12
11 | 2.1 | 900 | 65 | 3 | 0 | 7 | 275 | 14 | 20 | 12
12 | 2.3 | 1000 | 80 | 3 | 0 | 7 | 280 | 14 | 21 | 12
13 | 2.3 | 1000 | 80 | 2 | 0 | 6 | 290 | 14 | 21 | 11
14 | 2 | 900 | 75 | 2 | 0 | 6 | 285 | 11 | 22 | 11
15 | 1.8 | 900 | 60 | 2 | 0 | 6 | 295 | 11 | 22 | 11
16 | 1.4 | 600 | 45 | 2 | 0 | 6 | 300 | 11 | 22 | 11
17 | 0.8 | 400 | 0 | 4 | 0 | 7 | 300 | 11 | 21 | 11
PFD Tagessumme: 410 km
-------------------------------------------------------

Ende des Exports.
=======================================================