=======================================================
THERMIK-PROGNOSE DATENEXPORT
=======================================================
Quelle:            Thermalmap.info
                    https://www.thermalmap.info/forecast/widget.php?lat=51.2645&lon=6.850662&interval=1&days=3
Standort:           Düsseldorf-Wolfsaap (Dues-W)
Verein:             SFG
Koordinaten:        51.2645 N / 6.850662 E
Ausfuehrung:        03.10.2026 06:11:03
Zeitfenster:        02.10.2026 - 04.10.2026 (3 Tage)
Aufloesung:         stuendlich, 07:00 - 17:00 Uhr UTC
=======================================================

TAG: Freitag, 02.10.2026
-------------------------------------------------------
Std(UTC) | Thermik[m/s] | Arbhoehe[m] | PFD/h[km/h] | BewHoch[/8] | BewMittel[/8] | BewTief[/8] | WindRicht[°] | Wind[km/h] | Temp[°C] | Taupunkt[°C]
07 | 0.3 | 0 | 0 | 1 | 0 | 6 | 205 | 4 | 13 | 12
08 | 0.6 | 0 | 0 | 1 | 0 | 7 | 275 | 4 | 13 | 12
09 | 0.9 | 100 | 0 | 2 | 0 | 8 | 270 | 4 | 14 | 12
10 | 1 | 100 | 0 | 2 | 0 | 8 | 255 | 4 | 15 | 12
11 | 1.2 | 100 | 0 | 2 | 0 | 8 | 150 | 4 | 15 | 11
12 | 1.3 | 300 | 0 | 2 | 0 | 6 | 225 | 7 | 16 | 11
13 | 1.2 | 300 | 0 | 2 | 0 | 6 | 260 | 4 | 17 | 11
14 | 1.2 | 300 | 0 | 2 | 0 | 5 | 255 | 4 | 17 | 11
15 | 1.2 | 200 | 0 | 3 | 0 | 5 | 235 | 4 | 17 | 11
16 | 0.5 | 0 | 0 | 4 | 0 | 6 | 175 | 4 | 17 | 11
17 | 0.2 | 0 | 0 | 2 | 0 | 6 | 110 | 7 | 16 | 10
PFD Tagessumme: 0 km
-------------------------------------------------------

TAG: Samstag, 03.10.2026
-------------------------------------------------------
Std(UTC) | Thermik[m/s] | Arbhoehe[m] | PFD/h[km/h] | BewHoch[/8] | BewMittel[/8] | BewTief[/8] | WindRicht[°] | Wind[km/h] | Temp[°C] | Taupunkt[°C]
07 | 0.3 | 0 | 0 | 0 | 0 | 4 | 180 | 4 | 10 | 9
08 | 0.7 | 0 | 0 | 0 | 0 | 6 | 100 | 4 | 11 | 9
09 | 1 | 100 | 0 | 0 | 0 | 6 | 160 | 7 | 12 | 9
10 | 1.3 | 200 | 0 | 0 | 0 | 4 | 180 | 4 | 13 | 9
11 | 1.4 | 300 | 0 | 1 | 0 | 2 | 195 | 7 | 15 | 8
12 | 1.5 | 300 | 0 | 2 | 0 | 0 | 185 | 7 | 16 | 8
13 | 1.5 | 400 | 0 | 2 | 0 | 1 | 190 | 7 | 17 | 8
14 | 1.3 | 300 | 0 | 3 | 0 | 0 | 205 | 7 | 18 | 8
15 | 1 | 200 | 0 | 4 | 0 | 1 | 255 | 4 | 18 | 8
16 | 0.5 | 0 | 0 | 4 | 0 | 2 | 275 | 4 | 17 | 9
17 | 0.1 | 0 | 0 | 4 | 0 | 2 | 230 | 7 | 16 | 8
PFD Tagessumme: 0 km
-------------------------------------------------------

TAG: Sonntag, 04.10.2026
-------------------------------------------------------
Std(UTC) | Thermik[m/s] | Arbhoehe[m] | PFD/h[km/h] | BewHoch[/8] | BewMittel[/8] | BewTief[/8] | WindRicht[°] | Wind[km/h] | Temp[°C] | Taupunkt[°C]
07 | 0.1 | 0 | 0 | 6 | 6 | 7 | 45 | 7 | 13 | 11
08 | 0.4 | 0 | 0 | 6 | 6 | 7 | 50 | 7 | 13 | 11
09 | 0.5 | 0 | 0 | 6 | 7 | 6 | 70 | 7 | 14 | 11
10 | 0.6 | 0 | 0 | 6 | 7 | 6 | 80 | 7 | 15 | 11
11 | 0.6 | 0 | 0 | 6 | 7 | 6 | 125 | 7 | 15 | 12
12 | 0.6 | 0 | 0 | 6 | 7 | 7 | 80 | 4 | 15 | 12
13 | 0.6 | 0 | 0 | 5 | 7 | 8 | 80 | 4 | 16 | 11
14 | 0.3 | 0 | 0 | 3 | 7 | 8 | 85 | 7 | 16 | 11
15 | 0.3 | 0 | 0 | 2 | 7 | 8 | 70 | 7 | 16 | 12
16 | 0.1 | 0 | 0 | 1 | 7 | 8 | 65 | 7 | 16 | 12
17 | 0.1 | 0 | 0 | 2 | 7 | 8 | 70 | 7 | 16 | 12
PFD Tagessumme: 0 km
-------------------------------------------------------

Ende des Exports.
=======================================================