=======================================================
THERMIK-PROGNOSE DATENEXPORT
=======================================================
Quelle:            Thermalmap.info
                    https://www.thermalmap.info/forecast/widget.php?lat=51.2645&lon=6.850662&interval=1&days=3
Standort:           Düsseldorf-Wolfsaap (Dues-W)
Verein:             SFG
Koordinaten:        51.2645 N / 6.850662 E
Ausfuehrung:        17.08.2026 01:48:54
Zeitfenster:        16.08.2026 - 18.08.2026 (3 Tage)
Aufloesung:         stuendlich, 07:00 - 17:00 Uhr UTC
=======================================================

TAG: Sonntag, 16.08.2026
-------------------------------------------------------
Std(UTC) | Thermik[m/s] | Arbhoehe[m] | PFD/h[km/h] | BewHoch[/8] | BewMittel[/8] | BewTief[/8] | WindRicht[°] | Wind[km/h] | Temp[°C] | Taupunkt[°C]
07 | 0.9 | 0 | 0 | 0 | 1 | 5 | 210 | 7 | 20 | 15
08 | 1.3 | 300 | 0 | 0 | 1 | 6 | 280 | 7 | 21 | 15
09 | 1.6 | 400 | 0 | 0 | 0 | 6 | 235 | 7 | 22 | 15
10 | 1.9 | 500 | 0 | 0 | 0 | 5 | 315 | 7 | 23 | 15
11 | 2.1 | 700 | 10 | 1 | 1 | 4 | 300 | 7 | 24 | 15
12 | 2.3 | 900 | 75 | 1 | 1 | 3 | 310 | 7 | 25 | 15
13 | 2 | 900 | 65 | 2 | 2 | 4 | 295 | 11 | 25 | 15
14 | 1.8 | 800 | 50 | 4 | 1 | 4 | 310 | 11 | 26 | 15
15 | 1.8 | 900 | 50 | 5 | 1 | 6 | 320 | 14 | 26 | 15
16 | 1.2 | 500 | 30 | 5 | 0 | 6 | 330 | 14 | 25 | 15
17 | 0.7 | 300 | 0 | 6 | 3 | 6 | 280 | 14 | 24 | 15
PFD Tagessumme: 280 km
-------------------------------------------------------

TAG: Montag, 17.08.2026
-------------------------------------------------------
Std(UTC) | Thermik[m/s] | Arbhoehe[m] | PFD/h[km/h] | BewHoch[/8] | BewMittel[/8] | BewTief[/8] | WindRicht[°] | Wind[km/h] | Temp[°C] | Taupunkt[°C]
07 | 0.6 | 0 | 0 | 3 | 7 | 8 | 245 | 11 | 16 | 14
08 | 0.7 | 0 | 0 | 4 | 7 | 8 | 240 | 11 | 15 | 14
09 | 0.7 | 0 | 0 | 3 | 7 | 8 | 230 | 7 | 16 | 14
10 | 0.9 | 100 | 0 | 2 | 6 | 8 | 265 | 11 | 17 | 13
11 | 1.3 | 400 | 10 | 0 | 5 | 8 | 280 | 11 | 18 | 12
12 | 1.6 | 600 | 25 | 0 | 6 | 8 | 315 | 14 | 19 | 12
13 | 1.7 | 700 | 30 | 0 | 4 | 8 | 325 | 14 | 20 | 12
14 | 1.6 | 700 | 20 | 0 | 6 | 8 | 315 | 14 | 20 | 12
15 | 1.7 | 600 | 10 | 0 | 6 | 6 | 310 | 18 | 21 | 11
16 | 1.2 | 600 | 25 | 0 | 6 | 8 | 310 | 14 | 21 | 12
17 | 0.6 | 100 | 0 | 1 | 5 | 8 | 320 | 14 | 20 | 13
PFD Tagessumme: 120 km
-------------------------------------------------------

TAG: Dienstag, 18.08.2026
-------------------------------------------------------
Std(UTC) | Thermik[m/s] | Arbhoehe[m] | PFD/h[km/h] | BewHoch[/8] | BewMittel[/8] | BewTief[/8] | WindRicht[°] | Wind[km/h] | Temp[°C] | Taupunkt[°C]
07 | 0.3 | 0 | 0 | 6 | 7 | 8 | 170 | 7 | 16 | 15
08 | 0.4 | 0 | 0 | 5 | 7 | 8 | 180 | 11 | 16 | 15
09 | 0.4 | 0 | 0 | 4 | 7 | 8 | 185 | 11 | 16 | 15
10 | 0.5 | 0 | 0 | 3 | 7 | 8 | 185 | 11 | 17 | 15
11 | 0.6 | 0 | 0 | 4 | 7 | 8 | 205 | 14 | 17 | 15
12 | 0.6 | 0 | 0 | 5 | 7 | 8 | 235 | 18 | 17 | 13
13 | 0.6 | 0 | 0 | 5 | 7 | 8 | 220 | 14 | 16 | 13
14 | 0.4 | 0 | 0 | 5 | 7 | 8 | 215 | 11 | 16 | 13
15 | 0.3 | 0 | 0 | 6 | 7 | 8 | 195 | 7 | 17 | 14
16 | 0.1 | 0 | 0 | 6 | 7 | 8 | 200 | 11 | 18 | 15
17 | 0 | 0 | 0 | 6 | 6 | 8 | 220 | 11 | 19 | 16
PFD Tagessumme: 0 km
-------------------------------------------------------

Ende des Exports.
=======================================================