=======================================================
THERMIK-PROGNOSE DATENEXPORT
=======================================================
Quelle:            Thermalmap.info
                    https://www.thermalmap.info/forecast/widget.php?lat=51.2645&lon=6.850662&interval=1&days=3
Standort:           Düsseldorf-Wolfsaap (Dues-W)
Verein:             SFG
Koordinaten:        51.2645 N / 6.850662 E
Ausfuehrung:        12.08.2026 06:10:28
Zeitfenster:        12.08.2026 - 14.08.2026 (3 Tage)
Aufloesung:         stuendlich, 07:00 - 17:00 Uhr UTC
=======================================================

TAG: Mittwoch, 12.08.2026
-------------------------------------------------------
Std(UTC) | Thermik[m/s] | Arbhoehe[m] | PFD/h[km/h] | BewHoch[/8] | BewMittel[/8] | BewTief[/8] | WindRicht[°] | Wind[km/h] | Temp[°C] | Taupunkt[°C]
07 | 0.7 | 0 | 0 | 0 | 0 | 0 | 80 | 4 | 18 | 10
08 | 1.2 | 100 | 0 | 0 | 0 | 0 | 90 | 7 | 20 | 10
09 | 1.4 | 300 | 0 | 1 | 0 | 0 | 95 | 7 | 22 | 10
10 | 1.7 | 400 | 0 | 0 | 0 | 0 | 95 | 7 | 23 | 11
11 | 1.9 | 600 | 0 | 0 | 0 | 0 | 90 | 7 | 25 | 11
12 | 2 | 700 | 0 | 0 | 0 | 0 | 100 | 7 | 26 | 12
13 | 2 | 700 | 25 | 0 | 0 | 0 | 100 | 7 | 28 | 12
14 | 2 | 800 | 45 | 0 | 0 | 0 | 85 | 7 | 28 | 12
15 | 1.9 | 800 | 40 | 0 | 0 | 0 | 90 | 11 | 29 | 12
16 | 1.6 | 600 | 30 | 0 | 0 | 0 | 90 | 11 | 29 | 13
17 | 0.9 | 400 | 5 | 0 | 0 | 0 | 90 | 11 | 28 | 13
PFD Tagessumme: 145 km
-------------------------------------------------------

TAG: Donnerstag, 13.08.2026
-------------------------------------------------------
Std(UTC) | Thermik[m/s] | Arbhoehe[m] | PFD/h[km/h] | BewHoch[/8] | BewMittel[/8] | BewTief[/8] | WindRicht[°] | Wind[km/h] | Temp[°C] | Taupunkt[°C]
07 | 0.6 | 0 | 0 | 0 | 0 | 0 | 105 | 7 | 22 | 9
08 | 1.2 | 100 | 0 | 0 | 0 | 0 | 125 | 7 | 24 | 9
09 | 1.4 | 300 | 0 | 0 | 0 | 0 | 130 | 7 | 25 | 9
10 | 1.7 | 500 | 0 | 0 | 0 | 0 | 140 | 11 | 27 | 8
11 | 1.9 | 600 | 0 | 0 | 0 | 0 | 145 | 11 | 28 | 8
12 | 2 | 700 | 0 | 0 | 0 | 0 | 150 | 11 | 29 | 8
13 | 2.1 | 800 | 40 | 0 | 0 | 0 | 150 | 14 | 30 | 8
14 | 2 | 800 | 45 | 0 | 0 | 0 | 160 | 14 | 31 | 8
15 | 1.9 | 800 | 50 | 0 | 0 | 0 | 155 | 14 | 31 | 9
16 | 1.5 | 600 | 40 | 0 | 0 | 0 | 160 | 14 | 31 | 9
17 | 0.9 | 400 | 5 | 0 | 0 | 0 | 150 | 14 | 31 | 10
PFD Tagessumme: 180 km
-------------------------------------------------------

TAG: Freitag, 14.08.2026
-------------------------------------------------------
Std(UTC) | Thermik[m/s] | Arbhoehe[m] | PFD/h[km/h] | BewHoch[/8] | BewMittel[/8] | BewTief[/8] | WindRicht[°] | Wind[km/h] | Temp[°C] | Taupunkt[°C]
07 | 0.6 | 0 | 0 | 0 | 2 | 0 | 205 | 7 | 26 | 10
08 | 1.2 | 100 | 0 | 0 | 3 | 0 | 190 | 11 | 27 | 10
09 | 1.4 | 300 | 0 | 0 | 2 | 0 | 160 | 14 | 28 | 10
10 | 1.6 | 400 | 0 | 0 | 4 | 0 | 175 | 14 | 30 | 11
11 | 1.9 | 600 | 0 | 0 | 4 | 0 | 190 | 14 | 31 | 11
12 | 2.1 | 800 | 55 | 0 | 3 | 0 | 200 | 14 | 32 | 12
13 | 2.3 | 1200 | 85 | 0 | 1 | 0 | 225 | 14 | 33 | 13
14 | 2.4 | 1400 | 95 | 0 | 0 | 0 | 240 | 18 | 33 | 13
15 | 2.3 | 1300 | 80 | 0 | 0 | 0 | 250 | 22 | 33 | 14
16 | 1.7 | 800 | 55 | 0 | 0 | 0 | 260 | 22 | 32 | 15
17 | 1.2 | 600 | 30 | 0 | 0 | 0 | 265 | 18 | 31 | 14
PFD Tagessumme: 400 km
-------------------------------------------------------

Ende des Exports.
=======================================================