=======================================================
THERMIK-PROGNOSE DATENEXPORT
=======================================================
Quelle:            Thermalmap.info
                    https://www.thermalmap.info/forecast/widget.php?lat=51.2645&lon=6.850662&interval=1&days=3
Standort:           Düsseldorf-Wolfsaap (Dues-W)
Verein:             SFG
Koordinaten:        51.2645 N / 6.850662 E
Ausfuehrung:        02.09.2026 06:27:47
Zeitfenster:        02.09.2026 - 04.09.2026 (3 Tage)
Aufloesung:         stuendlich, 07:00 - 17:00 Uhr UTC
=======================================================

TAG: Mittwoch, 02.09.2026
-------------------------------------------------------
Std(UTC) | Thermik[m/s] | Arbhoehe[m] | PFD/h[km/h] | BewHoch[/8] | BewMittel[/8] | BewTief[/8] | WindRicht[°] | Wind[km/h] | Temp[°C] | Taupunkt[°C]
07 | 0.2 | 0 | 0 | 6 | 7 | 7 | 215 | 11 | 16 | 14
08 | 0.7 | 100 | 0 | 4 | 6 | 7 | 235 | 14 | 15 | 12
09 | 1 | 200 | 0 | 6 | 3 | 8 | 220 | 14 | 16 | 10
10 | 1.7 | 500 | 0 | 4 | 1 | 7 | 235 | 18 | 17 | 10
11 | 1.8 | 600 | 0 | 3 | 1 | 7 | 245 | 18 | 18 | 10
12 | 1.8 | 600 | 5 | 5 | 1 | 6 | 255 | 14 | 19 | 10
13 | 1.9 | 800 | 35 | 4 | 2 | 6 | 260 | 14 | 20 | 10
14 | 2 | 800 | 50 | 2 | 2 | 6 | 265 | 18 | 20 | 10
15 | 1.7 | 700 | 30 | 2 | 2 | 4 | 260 | 18 | 20 | 10
16 | 1.3 | 400 | 0 | 1 | 6 | 2 | 260 | 14 | 20 | 10
17 | 0.7 | 200 | 0 | 2 | 6 | 2 | 260 | 14 | 19 | 10
PFD Tagessumme: 120 km
-------------------------------------------------------

TAG: Donnerstag, 03.09.2026
-------------------------------------------------------
Std(UTC) | Thermik[m/s] | Arbhoehe[m] | PFD/h[km/h] | BewHoch[/8] | BewMittel[/8] | BewTief[/8] | WindRicht[°] | Wind[km/h] | Temp[°C] | Taupunkt[°C]
07 | 0.3 | 0 | 0 | 0 | 6 | 7 | 185 | 11 | 18 | 14
08 | 1 | 100 | 0 | 1 | 4 | 7 | 200 | 18 | 19 | 14
09 | 1.6 | 500 | 0 | 0 | 3 | 6 | 220 | 22 | 21 | 14
10 | 0.9 | 200 | 0 | 2 | 7 | 6 | 230 | 22 | 21 | 14
11 | 0.7 | 100 | 0 | 2 | 7 | 8 | 235 | 18 | 20 | 14
12 | 1.2 | 200 | 0 | 2 | 7 | 8 | 240 | 22 | 20 | 15
13 | 0.8 | 100 | 0 | 2 | 7 | 8 | 240 | 22 | 21 | 16
14 | 0.7 | 100 | 0 | 2 | 6 | 8 | 245 | 22 | 22 | 16
15 | 0.4 | 0 | 0 | 4 | 1 | 8 | 250 | 22 | 22 | 16
16 | 0.2 | 0 | 0 | 3 | 3 | 8 | 250 | 18 | 21 | 16
17 | 0.1 | 0 | 0 | 2 | 6 | 8 | 240 | 14 | 21 | 17
PFD Tagessumme: 0 km
-------------------------------------------------------

TAG: Freitag, 04.09.2026
-------------------------------------------------------
Std(UTC) | Thermik[m/s] | Arbhoehe[m] | PFD/h[km/h] | BewHoch[/8] | BewMittel[/8] | BewTief[/8] | WindRicht[°] | Wind[km/h] | Temp[°C] | Taupunkt[°C]
07 | 0.7 | 0 | 0 | 2 | 3 | 7 | 190 | 14 | 21 | 18
08 | 0.6 | 100 | 0 | 4 | 2 | 8 | 200 | 18 | 21 | 18
09 | 1.6 | 500 | 0 | 2 | 4 | 7 | 210 | 22 | 24 | 17
10 | 1.8 | 700 | 0 | 1 | 6 | 6 | 225 | 25 | 25 | 17
11 | 2 | 800 | 10 | 0 | 5 | 6 | 230 | 29 | 26 | 17
12 | 1.5 | 600 | 20 | 0 | 7 | 8 | 245 | 29 | 26 | 17
13 | 1 | 400 | 5 | 1 | 7 | 8 | 265 | 25 | 25 | 18
14 | 0.8 | 200 | 0 | 2 | 7 | 8 | 275 | 18 | 24 | 19
15 | 0.4 | 0 | 0 | 3 | 7 | 8 | 260 | 14 | 22 | 19
16 | 0.5 | 0 | 0 | 4 | 7 | 8 | 255 | 22 | 21 | 19
17 | 0.4 | 0 | 0 | 5 | 7 | 8 | 265 | 18 | 21 | 19
PFD Tagessumme: 35 km
-------------------------------------------------------

Ende des Exports.
=======================================================