=======================================================
THERMIK-PROGNOSE DATENEXPORT
=======================================================
Quelle:            Thermalmap.info
                    https://www.thermalmap.info/forecast/widget.php?lat=51.2645&lon=6.850662&interval=1&days=3
Standort:           Düsseldorf-Wolfsaap (Dues-W)
Verein:             SFG
Koordinaten:        51.2645 N / 6.850662 E
Ausfuehrung:        21.09.2026 06:10:59
Zeitfenster:        21.09.2026 - 23.09.2026 (3 Tage)
Aufloesung:         stuendlich, 07:00 - 17:00 Uhr UTC
=======================================================

TAG: Montag, 21.09.2026
-------------------------------------------------------
Std(UTC) | Thermik[m/s] | Arbhoehe[m] | PFD/h[km/h] | BewHoch[/8] | BewMittel[/8] | BewTief[/8] | WindRicht[°] | Wind[km/h] | Temp[°C] | Taupunkt[°C]
07 | 0.7 | 0 | 0 | 2 | 3 | 6 | 150 | 7 | 12 | 8
08 | 1.2 | 100 | 0 | 3 | 5 | 5 | 180 | 11 | 12 | 7
09 | 1.3 | 300 | 0 | 3 | 3 | 2 | 205 | 14 | 13 | 7
10 | 1.5 | 400 | 0 | 2 | 6 | 1 | 230 | 14 | 15 | 6
11 | 1.6 | 400 | 0 | 4 | 4 | 0 | 245 | 14 | 16 | 6
12 | 1.7 | 500 | 0 | 1 | 6 | 0 | 270 | 14 | 17 | 7
13 | 1.7 | 500 | 0 | 1 | 5 | 0 | 275 | 14 | 18 | 8
14 | 1.6 | 600 | 0 | 2 | 2 | 2 | 280 | 18 | 19 | 9
15 | 1.4 | 500 | 5 | 5 | 1 | 6 | 290 | 14 | 19 | 9
16 | 0.7 | 300 | 0 | 3 | 2 | 6 | 300 | 14 | 18 | 10
17 | 0.3 | 0 | 0 | 2 | 1 | 7 | 310 | 14 | 17 | 10
PFD Tagessumme: 5 km
-------------------------------------------------------

TAG: Dienstag, 22.09.2026
-------------------------------------------------------
Std(UTC) | Thermik[m/s] | Arbhoehe[m] | PFD/h[km/h] | BewHoch[/8] | BewMittel[/8] | BewTief[/8] | WindRicht[°] | Wind[km/h] | Temp[°C] | Taupunkt[°C]
07 | 0.3 | 0 | 0 | 0 | 7 | 7 | 225 | 7 | 13 | 11
08 | 0.5 | 0 | 0 | 0 | 7 | 8 | 235 | 7 | 14 | 11
09 | 0.7 | 0 | 0 | 0 | 5 | 8 | 265 | 11 | 14 | 11
10 | 1.2 | 100 | 0 | 0 | 3 | 8 | 275 | 11 | 16 | 11
11 | 1.4 | 300 | 0 | 0 | 3 | 8 | 285 | 11 | 17 | 11
12 | 1.2 | 200 | 0 | 0 | 2 | 8 | 290 | 11 | 18 | 12
13 | 1 | 100 | 0 | 0 | 2 | 8 | 285 | 7 | 18 | 12
14 | 0.8 | 100 | 0 | 0 | 1 | 8 | 305 | 7 | 18 | 12
15 | 0.6 | 100 | 0 | 0 | 0 | 8 | 320 | 7 | 18 | 12
16 | 0.3 | 0 | 0 | 0 | 0 | 8 | 295 | 4 | 18 | 12
17 | 0 | 0 | 0 | 0 | 0 | 8 | 180 | 4 | 18 | 12
PFD Tagessumme: 0 km
-------------------------------------------------------

TAG: Mittwoch, 23.09.2026
-------------------------------------------------------
Std(UTC) | Thermik[m/s] | Arbhoehe[m] | PFD/h[km/h] | BewHoch[/8] | BewMittel[/8] | BewTief[/8] | WindRicht[°] | Wind[km/h] | Temp[°C] | Taupunkt[°C]
07 | 0.5 | 0 | 0 | 1 | 4 | 6 | 145 | 11 | 14 | 13
08 | 0.9 | 0 | 0 | 2 | 4 | 6 | 165 | 11 | 15 | 13
09 | 1.2 | 200 | 0 | 0 | 2 | 7 | 160 | 11 | 16 | 12
10 | 1.4 | 300 | 0 | 2 | 1 | 5 | 165 | 14 | 18 | 12
11 | 1.5 | 300 | 0 | 2 | 0 | 3 | 175 | 14 | 19 | 12
12 | 1.6 | 400 | 0 | 2 | 2 | 3 | 180 | 14 | 20 | 12
13 | 1.4 | 300 | 0 | 3 | 5 | 2 | 185 | 14 | 20 | 12
14 | 1.3 | 300 | 0 | 3 | 5 | 4 | 190 | 14 | 21 | 11
15 | 0.5 | 0 | 0 | 4 | 7 | 5 | 205 | 11 | 20 | 12
16 | 0.3 | 0 | 0 | 4 | 7 | 4 | 235 | 11 | 20 | 13
17 | 0.2 | 0 | 0 | 5 | 7 | 6 | 235 | 11 | 19 | 13
PFD Tagessumme: 0 km
-------------------------------------------------------

Ende des Exports.
=======================================================