=======================================================
THERMIK-PROGNOSE DATENEXPORT
=======================================================
Quelle:            Thermalmap.info
                    https://www.thermalmap.info/forecast/widget.php?lat=51.2645&lon=6.850662&interval=1&days=5
Standort:           Düsseldorf-Wolfsaap (Dues-W)
Verein:             SFG
Koordinaten:        51.2645 N / 6.850662 E
Ausfuehrung:        10.08.2026 07:19:50
Zeitfenster:        10.08.2026 - 14.08.2026 (5 Tage)
Aufloesung:         stuendlich, 07:00 - 17:00 Uhr UTC
=======================================================

TAG: Montag, 10.08.2026
-------------------------------------------------------
Std(UTC) | Thermik[m/s] | Arbhoehe[m] | PFD/h[km/h] | BewHoch[/8] | BewMittel[/8] | BewTief[/8] | WindRicht[°] | Wind[km/h] | Temp[°C] | Taupunkt[°C]
07 | 0.8 | 0 | 0 | 0 | 0 | 0 | 245 | 11 | 22 | 12
08 | 1.4 | 300 | 0 | 0 | 0 | 0 | 250 | 14 | 24 | 12
09 | 1.8 | 600 | 0 | 0 | 0 | 2 | 260 | 18 | 25 | 12
10 | 2.1 | 800 | 15 | 1 | 0 | 0 | 270 | 18 | 25 | 13
11 | 2.4 | 1000 | 90 | 0 | 0 | 5 | 280 | 18 | 26 | 15
12 | 2.3 | 1100 | 75 | 0 | 1 | 8 | 290 | 18 | 26 | 15
13 | 1.7 | 900 | 55 | 0 | 2 | 8 | 295 | 18 | 25 | 15
14 | 1.6 | 800 | 50 | 0 | 1 | 8 | 310 | 18 | 25 | 15
15 | 1.7 | 900 | 50 | 0 | 2 | 7 | 310 | 18 | 25 | 14
16 | 1.3 | 700 | 45 | 0 | 3 | 7 | 315 | 18 | 25 | 14
17 | 1 | 500 | 15 | 0 | 5 | 7 | 330 | 14 | 24 | 14
PFD Tagessumme: 395 km
-------------------------------------------------------

TAG: Dienstag, 11.08.2026
-------------------------------------------------------
Std(UTC) | Thermik[m/s] | Arbhoehe[m] | PFD/h[km/h] | BewHoch[/8] | BewMittel[/8] | BewTief[/8] | WindRicht[°] | Wind[km/h] | Temp[°C] | Taupunkt[°C]
07 | 1.2 | 100 | 0 | 1 | 0 | 1 | 165 | 11 | 16 | 10
08 | 1.6 | 400 | 0 | 2 | 0 | 0 | 15 | 14 | 17 | 9
09 | 1.9 | 500 | 0 | 1 | 0 | 0 | 20 | 11 | 18 | 8
10 | 2 | 600 | 0 | 1 | 0 | 0 | 20 | 11 | 19 | 7
11 | 2.3 | 700 | 0 | 1 | 0 | 0 | 25 | 11 | 21 | 6
12 | 2.3 | 800 | 60 | 1 | 0 | 0 | 30 | 11 | 22 | 6
13 | 2.3 | 900 | 75 | 0 | 0 | 0 | 35 | 11 | 23 | 5
14 | 2.3 | 900 | 75 | 1 | 0 | 0 | 30 | 11 | 23 | 5
15 | 2.1 | 1000 | 70 | 1 | 0 | 0 | 35 | 11 | 24 | 5
16 | 1.8 | 800 | 55 | 0 | 0 | 0 | 35 | 11 | 24 | 5
17 | 1.2 | 500 | 35 | 0 | 0 | 0 | 30 | 14 | 23 | 6
PFD Tagessumme: 370 km
-------------------------------------------------------

TAG: Mittwoch, 12.08.2026
-------------------------------------------------------
Std(UTC) | Thermik[m/s] | Arbhoehe[m] | PFD/h[km/h] | BewHoch[/8] | BewMittel[/8] | BewTief[/8] | WindRicht[°] | Wind[km/h] | Temp[°C] | Taupunkt[°C]
07 | 0.8 | 0 | 0 | 0 | 0 | 0 | 60 | 7 | 17 | 9
08 | 1.2 | 100 | 0 | 0 | 0 | 0 | 60 | 7 | 19 | 9
09 | 1.4 | 300 | 0 | 0 | 0 | 0 | 65 | 11 | 21 | 9
10 | 1.7 | 400 | 0 | 0 | 0 | 0 | 70 | 14 | 23 | 9
11 | 1.8 | 500 | 0 | 0 | 0 | 0 | 75 | 14 | 25 | 10
12 | 2 | 600 | 0 | 0 | 0 | 0 | 75 | 14 | 26 | 11
13 | 2 | 700 | 15 | 0 | 0 | 0 | 80 | 11 | 27 | 11
14 | 2 | 700 | 30 | 0 | 0 | 0 | 75 | 14 | 28 | 12
15 | 1.8 | 700 | 30 | 0 | 0 | 0 | 80 | 14 | 29 | 12
16 | 1.5 | 500 | 15 | 0 | 0 | 0 | 75 | 14 | 29 | 12
17 | 0.9 | 300 | 0 | 0 | 0 | 0 | 75 | 14 | 28 | 12
PFD Tagessumme: 90 km
-------------------------------------------------------

TAG: Donnerstag, 13.08.2026
-------------------------------------------------------
Std(UTC) | Thermik[m/s] | Arbhoehe[m] | PFD/h[km/h] | BewHoch[/8] | BewMittel[/8] | BewTief[/8] | WindRicht[°] | Wind[km/h] | Temp[°C] | Taupunkt[°C]
07 | 0.6 | 0 | 0 | 0 | 0 | 0 | 70 | 7 | 21 | 9
08 | 1 | 0 | 0 | 0 | 0 | 0 | 95 | 7 | 23 | 10
09 | 1.4 | 300 | 0 | 0 | 0 | 0 | 105 | 7 | 24 | 10
10 | 1.7 | 400 | 0 | 0 | 0 | 0 | 120 | 11 | 26 | 10
11 | 1.9 | 600 | 0 | 0 | 0 | 0 | 130 | 11 | 28 | 10
12 | 2 | 700 | 0 | 0 | 0 | 0 | 145 | 11 | 30 | 10
13 | 2 | 700 | 30 | 0 | 0 | 0 | 150 | 14 | 31 | 11
14 | 2 | 800 | 50 | 0 | 0 | 0 | 155 | 14 | 31 | 11
15 | 1.8 | 800 | 45 | 0 | 0 | 0 | 155 | 11 | 32 | 11
16 | 1.5 | 500 | 10 | 0 | 0 | 0 | 150 | 11 | 32 | 11
17 | 0.9 | 300 | 0 | 0 | 1 | 0 | 135 | 11 | 31 | 12
PFD Tagessumme: 135 km
-------------------------------------------------------

TAG: Freitag, 14.08.2026
-------------------------------------------------------
Std(UTC) | Thermik[m/s] | Arbhoehe[m] | PFD/h[km/h] | BewHoch[/8] | BewMittel[/8] | BewTief[/8] | WindRicht[°] | Wind[km/h] | Temp[°C] | Taupunkt[°C]
07 | 0.7 | 0 | 0 | 0 | 2 | 0 | 205 | 11 | 26 | 10
08 | 1.2 | 100 | 0 | 0 | 2 | 0 | 180 | 11 | 26 | 11
09 | 1.4 | 300 | 0 | 0 | 0 | 0 | 175 | 14 | 28 | 11
10 | 1.6 | 400 | 0 | 0 | 1 | 0 | 180 | 14 | 30 | 11
11 | 1.9 | 600 | 0 | 1 | 6 | 0 | 200 | 14 | 31 | 11
12 | 2 | 800 | 50 | 1 | 6 | 0 | 225 | 14 | 32 | 12
13 | 2.1 | 1000 | 60 | 2 | 6 | 0 | 245 | 18 | 32 | 14
14 | 2.1 | 1000 | 75 | 1 | 6 | 0 | 250 | 18 | 33 | 14
15 | 1.8 | 900 | 60 | 1 | 5 | 0 | 255 | 18 | 32 | 14
16 | 1.7 | 800 | 50 | 2 | 0 | 0 | 255 | 14 | 32 | 15
17 | 1.2 | 600 | 40 | 0 | 0 | 1 | 265 | 14 | 32 | 16
PFD Tagessumme: 335 km
-------------------------------------------------------

Ende des Exports.
=======================================================