=======================================================
THERMIK-PROGNOSE DATENEXPORT
=======================================================
Quelle:            Thermalmap.info
                    https://www.thermalmap.info/forecast/widget.php?lat=51.2645&lon=6.850662&interval=1&days=3
Standort:           Düsseldorf-Wolfsaap (Dues-W)
Verein:             SFG
Koordinaten:        51.2645 N / 6.850662 E
Ausfuehrung:        25.09.2026 07:02:48
Zeitfenster:        25.09.2026 - 27.09.2026 (3 Tage)
Aufloesung:         stuendlich, 07:00 - 17:00 Uhr UTC
=======================================================

TAG: Freitag, 25.09.2026
-------------------------------------------------------
Std(UTC) | Thermik[m/s] | Arbhoehe[m] | PFD/h[km/h] | BewHoch[/8] | BewMittel[/8] | BewTief[/8] | WindRicht[°] | Wind[km/h] | Temp[°C] | Taupunkt[°C]
07 | 0.4 | 0 | 0 | 0 | 0 | 0 | 150 | 7 | 10 | 7
08 | 0.9 | 0 | 0 | 1 | 1 | 1 | 165 | 11 | 11 | 6
09 | 1.2 | 100 | 0 | 1 | 2 | 0 | 170 | 14 | 12 | 5
10 | 1.3 | 200 | 0 | 0 | 2 | 0 | 170 | 14 | 14 | 3
11 | 1.4 | 200 | 0 | 0 | 1 | 0 | 175 | 11 | 16 | 2
12 | 1.4 | 300 | 0 | 0 | 0 | 0 | 180 | 11 | 17 | 2
13 | 1.4 | 300 | 0 | 0 | 0 | 0 | 185 | 11 | 18 | 4
14 | 1.3 | 300 | 0 | 0 | 0 | 0 | 195 | 11 | 19 | 5
15 | 1 | 200 | 0 | 0 | 0 | 0 | 215 | 7 | 19 | 6
16 | 0.5 | 0 | 0 | 0 | 0 | 0 | 215 | 7 | 19 | 7
17 | 0 | 0 | 0 | 0 | 0 | 0 | 170 | 7 | 17 | 7
PFD Tagessumme: 0 km
-------------------------------------------------------

TAG: Samstag, 26.09.2026
-------------------------------------------------------
Std(UTC) | Thermik[m/s] | Arbhoehe[m] | PFD/h[km/h] | BewHoch[/8] | BewMittel[/8] | BewTief[/8] | WindRicht[°] | Wind[km/h] | Temp[°C] | Taupunkt[°C]
07 | 0.3 | 0 | 0 | 1 | 4 | 0 | 185 | 11 | 13 | 5
08 | 0.7 | 0 | 0 | 4 | 6 | 0 | 175 | 14 | 13 | 5
09 | 0.7 | 0 | 0 | 3 | 7 | 0 | 165 | 14 | 13 | 5
10 | 0.6 | 0 | 0 | 4 | 7 | 0 | 170 | 11 | 14 | 5
11 | 0.8 | 0 | 0 | 5 | 7 | 0 | 175 | 14 | 16 | 5
12 | 0.6 | 0 | 0 | 6 | 7 | 0 | 180 | 11 | 17 | 5
13 | 0.7 | 0 | 0 | 6 | 7 | 0 | 185 | 7 | 17 | 5
14 | 0.8 | 0 | 0 | 6 | 6 | 2 | 200 | 7 | 18 | 6
15 | 0.7 | 0 | 0 | 5 | 6 | 4 | 220 | 7 | 19 | 7
16 | 0.2 | 0 | 0 | 5 | 6 | 6 | 200 | 7 | 19 | 7
17 | 0 | 0 | 0 | 5 | 5 | 7 | 165 | 7 | 18 | 7
PFD Tagessumme: 0 km
-------------------------------------------------------

TAG: Sonntag, 27.09.2026
-------------------------------------------------------
Std(UTC) | Thermik[m/s] | Arbhoehe[m] | PFD/h[km/h] | BewHoch[/8] | BewMittel[/8] | BewTief[/8] | WindRicht[°] | Wind[km/h] | Temp[°C] | Taupunkt[°C]
07 | 0.5 | 0 | 0 | 4 | 0 | 6 | 180 | 7 | 11 | 10
08 | 0.8 | 0 | 0 | 5 | 0 | 6 | 175 | 11 | 13 | 10
09 | 1.2 | 100 | 0 | 4 | 0 | 6 | 170 | 11 | 14 | 10
10 | 1.3 | 200 | 0 | 3 | 0 | 5 | 170 | 11 | 16 | 10
11 | 1.5 | 300 | 0 | 2 | 0 | 4 | 170 | 11 | 17 | 10
12 | 1.5 | 400 | 0 | 2 | 0 | 4 | 170 | 11 | 18 | 10
13 | 1.5 | 400 | 0 | 1 | 0 | 3 | 165 | 11 | 20 | 10
14 | 1.3 | 300 | 0 | 2 | 1 | 1 | 170 | 11 | 20 | 9
15 | 0.7 | 100 | 0 | 3 | 0 | 0 | 165 | 7 | 20 | 9
16 | 0.2 | 0 | 0 | 2 | 0 | 1 | 140 | 7 | 20 | 10
17 | 0 | 0 | 0 | 3 | 0 | 2 | 100 | 7 | 18 | 10
PFD Tagessumme: 0 km
-------------------------------------------------------

Ende des Exports.
=======================================================