=======================================================
THERMIK-PROGNOSE DATENEXPORT
=======================================================
Quelle:            Thermalmap.info
                    https://www.thermalmap.info/forecast/widget.php?lat=51.2645&lon=6.850662&interval=1&days=3
Standort:           Düsseldorf-Wolfsaap (Dues-W)
Verein:             SFG
Koordinaten:        51.2645 N / 6.850662 E
Ausfuehrung:        20.08.2026 19:23:05
Zeitfenster:        20.08.2026 - 22.08.2026 (3 Tage)
Aufloesung:         stuendlich, 07:00 - 17:00 Uhr UTC
=======================================================

TAG: Donnerstag, 20.08.2026
-------------------------------------------------------
Std(UTC) | Thermik[m/s] | Arbhoehe[m] | PFD/h[km/h] | BewHoch[/8] | BewMittel[/8] | BewTief[/8] | WindRicht[°] | Wind[km/h] | Temp[°C] | Taupunkt[°C]
07 | 0.9 | 0 | 0 | 0 | 0 | 7 | 205 | 14 | 18 | 15
08 | 1.2 | 200 | 0 | 0 | 0 | 7 | 210 | 14 | 19 | 15
09 | 1.6 | 600 | 15 | 0 | 1 | 6 | 215 | 18 | 20 | 14
10 | 2.3 | 1000 | 70 | 0 | 1 | 6 | 225 | 22 | 21 | 12
11 | 2.1 | 1000 | 60 | 0 | 0 | 7 | 235 | 22 | 22 | 12
12 | 1.9 | 900 | 55 | 0 | 0 | 7 | 240 | 22 | 22 | 12
13 | 1.9 | 1000 | 60 | 0 | 2 | 6 | 240 | 22 | 23 | 11
14 | 1.5 | 800 | 40 | 0 | 4 | 7 | 245 | 22 | 23 | 11
15 | 1.6 | 900 | 40 | 0 | 1 | 7 | 240 | 22 | 23 | 12
16 | 1.2 | 600 | 20 | 0 | 2 | 7 | 245 | 22 | 22 | 12
17 | 0.8 | 200 | 0 | 0 | 6 | 6 | 275 | 18 | 20 | 14
PFD Tagessumme: 360 km
-------------------------------------------------------

TAG: Freitag, 21.08.2026
-------------------------------------------------------
Std(UTC) | Thermik[m/s] | Arbhoehe[m] | PFD/h[km/h] | BewHoch[/8] | BewMittel[/8] | BewTief[/8] | WindRicht[°] | Wind[km/h] | Temp[°C] | Taupunkt[°C]
07 | 0.9 | 0 | 0 | 4 | 0 | 5 | 220 | 7 | 17 | 13
08 | 1.4 | 400 | 0 | 3 | 0 | 6 | 205 | 11 | 18 | 13
09 | 1.7 | 600 | 0 | 2 | 0 | 6 | 230 | 11 | 19 | 12
10 | 1.9 | 700 | 10 | 3 | 0 | 6 | 240 | 11 | 20 | 12
11 | 2.1 | 900 | 80 | 4 | 2 | 7 | 240 | 11 | 20 | 11
12 | 2.1 | 1000 | 75 | 4 | 0 | 7 | 255 | 14 | 21 | 11
13 | 1.8 | 900 | 65 | 4 | 0 | 7 | 255 | 14 | 21 | 11
14 | 1.7 | 800 | 55 | 3 | 2 | 7 | 260 | 11 | 21 | 11
15 | 1.3 | 700 | 40 | 4 | 5 | 7 | 260 | 11 | 21 | 11
16 | 1.2 | 400 | 20 | 4 | 6 | 7 | 275 | 14 | 21 | 11
17 | 0.7 | 100 | 0 | 4 | 6 | 6 | 310 | 14 | 19 | 13
PFD Tagessumme: 345 km
-------------------------------------------------------

TAG: Samstag, 22.08.2026
-------------------------------------------------------
Std(UTC) | Thermik[m/s] | Arbhoehe[m] | PFD/h[km/h] | BewHoch[/8] | BewMittel[/8] | BewTief[/8] | WindRicht[°] | Wind[km/h] | Temp[°C] | Taupunkt[°C]
07 | 1 | 0 | 0 | 0 | 2 | 7 | 290 | 11 | 16 | 12
08 | 1.3 | 300 | 0 | 0 | 1 | 8 | 290 | 14 | 16 | 12
09 | 1.4 | 400 | 0 | 0 | 0 | 8 | 290 | 11 | 16 | 11
10 | 1.9 | 700 | 20 | 0 | 0 | 7 | 280 | 11 | 17 | 11
11 | 2 | 900 | 65 | 0 | 2 | 8 | 280 | 14 | 18 | 10
12 | 1.8 | 900 | 60 | 0 | 2 | 8 | 285 | 14 | 19 | 10
13 | 1.5 | 700 | 50 | 0 | 2 | 8 | 295 | 14 | 19 | 9
14 | 1.7 | 900 | 60 | 0 | 2 | 7 | 300 | 11 | 20 | 9
15 | 1.2 | 600 | 30 | 0 | 6 | 7 | 295 | 14 | 19 | 9
16 | 1.2 | 200 | 0 | 0 | 5 | 6 | 260 | 11 | 18 | 11
17 | 1 | 300 | 0 | 0 | 4 | 6 | 280 | 11 | 19 | 11
PFD Tagessumme: 285 km
-------------------------------------------------------

Ende des Exports.
=======================================================