=======================================================
THERMIK-PROGNOSE DATENEXPORT
=======================================================
Quelle:            Thermalmap.info
                    https://www.thermalmap.info/forecast/widget.php?lat=51.2645&lon=6.850662&interval=1&days=3
Standort:           Düsseldorf-Wolfsaap (Dues-W)
Verein:             SFG
Koordinaten:        51.2645 N / 6.850662 E
Ausfuehrung:        24.09.2026 07:27:48
Zeitfenster:        24.09.2026 - 26.09.2026 (3 Tage)
Aufloesung:         stuendlich, 07:00 - 17:00 Uhr UTC
=======================================================

TAG: Donnerstag, 24.09.2026
-------------------------------------------------------
Std(UTC) | Thermik[m/s] | Arbhoehe[m] | PFD/h[km/h] | BewHoch[/8] | BewMittel[/8] | BewTief[/8] | WindRicht[°] | Wind[km/h] | Temp[°C] | Taupunkt[°C]
07 | 0.5 | 0 | 0 | 2 | 0 | 8 | 290 | 7 | 12 | 11
08 | 0.8 | 100 | 0 | 4 | 0 | 8 | 295 | 11 | 13 | 10
09 | 1.3 | 200 | 0 | 4 | 1 | 7 | 295 | 11 | 13 | 10
10 | 1.6 | 400 | 0 | 2 | 1 | 4 | 295 | 11 | 14 | 9
11 | 1.7 | 500 | 0 | 2 | 0 | 1 | 300 | 11 | 16 | 7
12 | 1.9 | 700 | 0 | 0 | 0 | 0 | 295 | 11 | 17 | 6
13 | 1.9 | 900 | 60 | 0 | 0 | 0 | 300 | 11 | 17 | 5
14 | 1.8 | 900 | 50 | 0 | 0 | 0 | 300 | 14 | 18 | 5
15 | 1.5 | 600 | 40 | 1 | 0 | 0 | 305 | 14 | 18 | 5
16 | 0.8 | 400 | 5 | 2 | 0 | 0 | 310 | 11 | 18 | 5
17 | 0.3 | 0 | 0 | 1 | 0 | 0 | 315 | 11 | 16 | 5
PFD Tagessumme: 155 km
-------------------------------------------------------

TAG: Freitag, 25.09.2026
-------------------------------------------------------
Std(UTC) | Thermik[m/s] | Arbhoehe[m] | PFD/h[km/h] | BewHoch[/8] | BewMittel[/8] | BewTief[/8] | WindRicht[°] | Wind[km/h] | Temp[°C] | Taupunkt[°C]
07 | 0.5 | 0 | 0 | 2 | 0 | 0 | 135 | 7 | 8 | 5
08 | 0.9 | 0 | 0 | 2 | 0 | 1 | 160 | 11 | 10 | 5
09 | 1.2 | 100 | 0 | 4 | 2 | 0 | 160 | 14 | 11 | 4
10 | 1.3 | 200 | 0 | 3 | 1 | 0 | 170 | 14 | 13 | 3
11 | 1.4 | 300 | 0 | 1 | 0 | 0 | 170 | 11 | 14 | 2
12 | 1.4 | 300 | 0 | 0 | 1 | 0 | 170 | 11 | 16 | 1
13 | 1.4 | 300 | 0 | 0 | 1 | 0 | 185 | 7 | 17 | 1
14 | 1.3 | 200 | 0 | 0 | 0 | 0 | 185 | 7 | 18 | 0
15 | 1 | 200 | 0 | 0 | 0 | 0 | 175 | 7 | 18 | 0
16 | 0.6 | 0 | 0 | 0 | 0 | 0 | 175 | 7 | 18 | 2
17 | 0 | 0 | 0 | 0 | 0 | 0 | 150 | 7 | 16 | 2
PFD Tagessumme: 0 km
-------------------------------------------------------

TAG: Samstag, 26.09.2026
-------------------------------------------------------
Std(UTC) | Thermik[m/s] | Arbhoehe[m] | PFD/h[km/h] | BewHoch[/8] | BewMittel[/8] | BewTief[/8] | WindRicht[°] | Wind[km/h] | Temp[°C] | Taupunkt[°C]
07 | 0.3 | 0 | 0 | 0 | 0 | 1 | 180 | 7 | 11 | 5
08 | 0.8 | 0 | 0 | 1 | 0 | 2 | 165 | 11 | 12 | 4
09 | 1 | 0 | 0 | 2 | 1 | 2 | 180 | 11 | 13 | 4
10 | 1.2 | 100 | 0 | 3 | 1 | 2 | 170 | 11 | 14 | 4
11 | 1.2 | 100 | 0 | 3 | 1 | 2 | 185 | 11 | 16 | 3
12 | 1.2 | 100 | 0 | 3 | 2 | 2 | 210 | 7 | 17 | 3
13 | 1.4 | 300 | 0 | 3 | 6 | 3 | 275 | 7 | 18 | 3
14 | 1.2 | 200 | 0 | 5 | 7 | 4 | 290 | 7 | 18 | 4
15 | 0.9 | 100 | 0 | 3 | 6 | 3 | 285 | 4 | 19 | 5
16 | 0.5 | 0 | 0 | 4 | 6 | 3 | 290 | 7 | 18 | 6
17 | 0.1 | 0 | 0 | 5 | 6 | 3 | 180 | 4 | 17 | 6
PFD Tagessumme: 0 km
-------------------------------------------------------

Ende des Exports.
=======================================================