=======================================================
THERMIK-PROGNOSE DATENEXPORT
=======================================================
Quelle:            Thermalmap.info
                    https://www.thermalmap.info/forecast/widget.php?lat=51.2645&lon=6.850662&interval=1&days=3
Standort:           Düsseldorf-Wolfsaap (Dues-W)
Verein:             SFG
Koordinaten:        51.2645 N / 6.850662 E
Ausfuehrung:        15.08.2026 09:07:02
Zeitfenster:        15.08.2026 - 17.08.2026 (3 Tage)
Aufloesung:         stuendlich, 07:00 - 17:00 Uhr UTC
=======================================================

TAG: Samstag, 15.08.2026
-------------------------------------------------------
Std(UTC) | Thermik[m/s] | Arbhoehe[m] | PFD/h[km/h] | BewHoch[/8] | BewMittel[/8] | BewTief[/8] | WindRicht[°] | Wind[km/h] | Temp[°C] | Taupunkt[°C]
07 | 0.6 | 0 | 0 | 2 | 7 | 0 | 240 | 7 | 23 | 13
08 | 0.7 | 0 | 0 | 4 | 6 | 0 | 270 | 7 | 23 | 14
09 | 1 | 100 | 0 | 5 | 3 | 0 | 280 | 4 | 24 | 14
10 | 1.3 | 200 | 0 | 4 | 6 | 0 | 255 | 7 | 26 | 14
11 | 1 | 100 | 0 | 5 | 6 | 0 | 220 | 7 | 26 | 14
12 | 1.3 | 300 | 0 | 4 | 7 | 0 | 240 | 4 | 27 | 14
13 | 1.3 | 400 | 0 | 2 | 7 | 0 | 295 | 7 | 28 | 14
14 | 1 | 300 | 0 | 2 | 7 | 0 | 320 | 11 | 28 | 15
15 | 1 | 300 | 0 | 2 | 7 | 0 | 60 | 7 | 27 | 15
16 | 0.7 | 100 | 0 | 2 | 7 | 1 | 160 | 11 | 26 | 15
17 | 0.5 | 0 | 0 | 4 | 6 | 2 | 75 | 11 | 25 | 16
PFD Tagessumme: 0 km
-------------------------------------------------------

TAG: Sonntag, 16.08.2026
-------------------------------------------------------
Std(UTC) | Thermik[m/s] | Arbhoehe[m] | PFD/h[km/h] | BewHoch[/8] | BewMittel[/8] | BewTief[/8] | WindRicht[°] | Wind[km/h] | Temp[°C] | Taupunkt[°C]
07 | 0.9 | 100 | 0 | 0 | 2 | 7 | 300 | 7 | 21 | 17
08 | 1 | 100 | 0 | 1 | 1 | 8 | 290 | 11 | 21 | 17
09 | 1.3 | 300 | 0 | 2 | 1 | 7 | 300 | 11 | 21 | 16
10 | 1.8 | 600 | 0 | 2 | 0 | 7 | 295 | 11 | 22 | 15
11 | 2.1 | 900 | 65 | 2 | 0 | 6 | 280 | 11 | 23 | 13
12 | 2.3 | 1000 | 85 | 5 | 0 | 3 | 285 | 11 | 24 | 12
13 | 2.3 | 1000 | 85 | 4 | 0 | 1 | 300 | 11 | 25 | 11
14 | 2.3 | 1000 | 80 | 3 | 0 | 3 | 315 | 14 | 25 | 12
15 | 1.9 | 900 | 60 | 4 | 0 | 5 | 325 | 14 | 25 | 13
16 | 1.6 | 700 | 45 | 3 | 0 | 5 | 335 | 14 | 24 | 14
17 | 1.2 | 500 | 15 | 4 | 0 | 4 | 340 | 14 | 23 | 14
PFD Tagessumme: 435 km
-------------------------------------------------------

TAG: Montag, 17.08.2026
-------------------------------------------------------
Std(UTC) | Thermik[m/s] | Arbhoehe[m] | PFD/h[km/h] | BewHoch[/8] | BewMittel[/8] | BewTief[/8] | WindRicht[°] | Wind[km/h] | Temp[°C] | Taupunkt[°C]
07 | 0.9 | 100 | 0 | 0 | 7 | 6 | 265 | 11 | 18 | 12
08 | 0.8 | 100 | 0 | 0 | 7 | 7 | 265 | 11 | 17 | 13
09 | 1.5 | 400 | 0 | 0 | 6 | 7 | 255 | 11 | 18 | 13
10 | 1.6 | 600 | 15 | 0 | 2 | 8 | 280 | 14 | 20 | 13
11 | 1.8 | 800 | 40 | 0 | 5 | 8 | 290 | 18 | 20 | 13
12 | 1.4 | 600 | 25 | 0 | 6 | 8 | 295 | 14 | 21 | 12
13 | 1 | 300 | 0 | 0 | 7 | 8 | 290 | 18 | 20 | 13
14 | 0.8 | 100 | 0 | 1 | 7 | 8 | 290 | 14 | 18 | 15
15 | 1.2 | 200 | 0 | 2 | 6 | 7 | 290 | 14 | 20 | 14
16 | 1.2 | 300 | 0 | 2 | 5 | 7 | 305 | 14 | 21 | 13
17 | 0.7 | 100 | 0 | 3 | 5 | 7 | 305 | 14 | 21 | 13
PFD Tagessumme: 80 km
-------------------------------------------------------

Ende des Exports.
=======================================================