=======================================================
THERMIK-PROGNOSE DATENEXPORT
=======================================================
Quelle:            Thermalmap.info
                    https://www.thermalmap.info/forecast/widget.php?lat=51.2645&lon=6.850662&interval=1&days=3
Standort:           Düsseldorf-Wolfsaap (Dues-W)
Verein:             SFG
Koordinaten:        51.2645 N / 6.850662 E
Ausfuehrung:        11.09.2026 07:16:12
Zeitfenster:        11.09.2026 - 13.09.2026 (3 Tage)
Aufloesung:         stuendlich, 07:00 - 17:00 Uhr UTC
=======================================================

TAG: Freitag, 11.09.2026
-------------------------------------------------------
Std(UTC) | Thermik[m/s] | Arbhoehe[m] | PFD/h[km/h] | BewHoch[/8] | BewMittel[/8] | BewTief[/8] | WindRicht[°] | Wind[km/h] | Temp[°C] | Taupunkt[°C]
07 | 0.7 | 100 | 0 | 5 | 6 | 7 | 240 | 18 | 11 | 7
08 | 1.2 | 200 | 0 | 5 | 4 | 5 | 215 | 14 | 11 | 5
09 | 1.4 | 300 | 0 | 4 | 6 | 6 | 205 | 14 | 12 | 5
10 | 1.4 | 300 | 0 | 4 | 6 | 6 | 215 | 18 | 13 | 5
11 | 1.5 | 400 | 0 | 1 | 7 | 7 | 220 | 18 | 15 | 5
12 | 1.2 | 300 | 0 | 0 | 6 | 8 | 230 | 14 | 15 | 6
13 | 1.3 | 300 | 0 | 0 | 4 | 8 | 235 | 14 | 16 | 7
14 | 0.9 | 200 | 0 | 0 | 5 | 8 | 240 | 14 | 16 | 8
15 | 0.6 | 100 | 0 | 0 | 7 | 8 | 250 | 14 | 17 | 8
16 | 0.4 | 0 | 0 | 0 | 5 | 8 | 255 | 11 | 17 | 9
17 | 0.3 | 0 | 0 | 0 | 7 | 8 | 265 | 11 | 16 | 10
PFD Tagessumme: 0 km
-------------------------------------------------------

TAG: Samstag, 12.09.2026
-------------------------------------------------------
Std(UTC) | Thermik[m/s] | Arbhoehe[m] | PFD/h[km/h] | BewHoch[/8] | BewMittel[/8] | BewTief[/8] | WindRicht[°] | Wind[km/h] | Temp[°C] | Taupunkt[°C]
07 | 0.5 | 0 | 0 | 0 | 0 | 8 | 250 | 7 | 15 | 13
08 | 0.8 | 100 | 0 | 1 | 0 | 8 | 275 | 7 | 15 | 13
09 | 0.9 | 100 | 0 | 0 | 0 | 8 | 260 | 7 | 16 | 13
10 | 1 | 100 | 0 | 1 | 0 | 8 | 270 | 7 | 16 | 13
11 | 1.2 | 200 | 0 | 2 | 0 | 8 | 255 | 7 | 17 | 12
12 | 1.6 | 500 | 0 | 2 | 0 | 8 | 230 | 11 | 18 | 12
13 | 1.8 | 600 | 0 | 2 | 0 | 7 | 225 | 14 | 19 | 12
14 | 1.6 | 600 | 0 | 2 | 0 | 8 | 230 | 14 | 19 | 12
15 | 1.4 | 400 | 0 | 2 | 0 | 6 | 235 | 14 | 19 | 12
16 | 0.8 | 200 | 0 | 3 | 0 | 6 | 240 | 14 | 19 | 12
17 | 0.4 | 0 | 0 | 5 | 0 | 6 | 230 | 14 | 18 | 12
PFD Tagessumme: 0 km
-------------------------------------------------------

TAG: Sonntag, 13.09.2026
-------------------------------------------------------
Std(UTC) | Thermik[m/s] | Arbhoehe[m] | PFD/h[km/h] | BewHoch[/8] | BewMittel[/8] | BewTief[/8] | WindRicht[°] | Wind[km/h] | Temp[°C] | Taupunkt[°C]
07 | 0.4 | 0 | 0 | 5 | 7 | 6 | 200 | 11 | 17 | 14
08 | 0.4 | 0 | 0 | 6 | 7 | 6 | 210 | 14 | 18 | 14
09 | 0.6 | 0 | 0 | 5 | 7 | 7 | 210 | 14 | 18 | 14
10 | 0.4 | 0 | 0 | 5 | 7 | 8 | 240 | 14 | 18 | 14
11 | 0.6 | 0 | 0 | 5 | 7 | 7 | 240 | 14 | 18 | 15
12 | 0.6 | 0 | 0 | 6 | 7 | 8 | 240 | 14 | 17 | 16
13 | 0.5 | 0 | 0 | 6 | 7 | 8 | 235 | 14 | 17 | 16
14 | 0.4 | 0 | 0 | 5 | 7 | 8 | 240 | 14 | 18 | 16
15 | 0.3 | 0 | 0 | 4 | 7 | 8 | 245 | 14 | 18 | 15
16 | 0.2 | 0 | 0 | 3 | 7 | 8 | 250 | 14 | 18 | 16
17 | 0 | 0 | 0 | 1 | 7 | 8 | 245 | 14 | 18 | 16
PFD Tagessumme: 0 km
-------------------------------------------------------

Ende des Exports.
=======================================================