=======================================================
THERMIK-PROGNOSE DATENEXPORT
=======================================================
Quelle:            Thermalmap.info
                    https://www.thermalmap.info/forecast/widget.php?lat=51.2645&lon=6.850662&interval=1&days=3
Standort:           Düsseldorf-Wolfsaap (Dues-W)
Verein:             SFG
Koordinaten:        51.2645 N / 6.850662 E
Ausfuehrung:        19.08.2026 06:17:44
Zeitfenster:        19.08.2026 - 21.08.2026 (3 Tage)
Aufloesung:         stuendlich, 07:00 - 17:00 Uhr UTC
=======================================================

TAG: Mittwoch, 19.08.2026
-------------------------------------------------------
Std(UTC) | Thermik[m/s] | Arbhoehe[m] | PFD/h[km/h] | BewHoch[/8] | BewMittel[/8] | BewTief[/8] | WindRicht[°] | Wind[km/h] | Temp[°C] | Taupunkt[°C]
07 | 0.3 | 0 | 0 | 7 | 7 | 6 | 225 | 14 | 19 | 17
08 | 0.8 | 0 | 0 | 7 | 7 | 4 | 225 | 18 | 20 | 16
09 | 0.8 | 0 | 0 | 6 | 7 | 5 | 245 | 18 | 20 | 15
10 | 1.2 | 200 | 0 | 6 | 7 | 6 | 240 | 18 | 20 | 16
11 | 1.6 | 600 | 0 | 7 | 7 | 5 | 245 | 22 | 21 | 14
12 | 1.6 | 700 | 10 | 6 | 6 | 6 | 255 | 22 | 21 | 14
13 | 1.2 | 400 | 5 | 6 | 7 | 6 | 270 | 18 | 21 | 14
14 | 1.2 | 300 | 0 | 6 | 6 | 6 | 255 | 14 | 21 | 14
15 | 1 | 200 | 0 | 6 | 6 | 6 | 245 | 14 | 21 | 13
16 | 0.5 | 0 | 0 | 6 | 7 | 7 | 255 | 18 | 20 | 13
17 | 0.4 | 0 | 0 | 6 | 7 | 6 | 235 | 14 | 18 | 15
PFD Tagessumme: 15 km
-------------------------------------------------------

TAG: Donnerstag, 20.08.2026
-------------------------------------------------------
Std(UTC) | Thermik[m/s] | Arbhoehe[m] | PFD/h[km/h] | BewHoch[/8] | BewMittel[/8] | BewTief[/8] | WindRicht[°] | Wind[km/h] | Temp[°C] | Taupunkt[°C]
07 | 0.9 | 0 | 0 | 0 | 1 | 7 | 230 | 11 | 18 | 15
08 | 1.2 | 200 | 0 | 0 | 0 | 8 | 230 | 14 | 19 | 16
09 | 1.6 | 500 | 0 | 0 | 0 | 6 | 230 | 14 | 21 | 14
10 | 1.2 | 300 | 5 | 0 | 6 | 7 | 245 | 22 | 20 | 14
11 | 1.6 | 600 | 25 | 0 | 6 | 7 | 255 | 22 | 20 | 13
12 | 2.3 | 1000 | 70 | 0 | 1 | 6 | 255 | 22 | 22 | 12
13 | 2 | 900 | 65 | 0 | 0 | 7 | 255 | 22 | 22 | 11
14 | 2.1 | 1000 | 70 | 0 | 0 | 7 | 250 | 18 | 22 | 11
15 | 1.6 | 800 | 45 | 0 | 1 | 7 | 260 | 18 | 22 | 11
16 | 1.5 | 700 | 30 | 0 | 3 | 6 | 250 | 18 | 22 | 12
17 | 0.9 | 400 | 10 | 0 | 5 | 6 | 260 | 18 | 21 | 12
PFD Tagessumme: 320 km
-------------------------------------------------------

TAG: Freitag, 21.08.2026
-------------------------------------------------------
Std(UTC) | Thermik[m/s] | Arbhoehe[m] | PFD/h[km/h] | BewHoch[/8] | BewMittel[/8] | BewTief[/8] | WindRicht[°] | Wind[km/h] | Temp[°C] | Taupunkt[°C]
07 | 0.9 | 0 | 0 | 2 | 0 | 3 | 205 | 11 | 17 | 13
08 | 1.3 | 300 | 0 | 1 | 0 | 3 | 215 | 14 | 18 | 12
09 | 1.8 | 600 | 0 | 2 | 0 | 4 | 225 | 14 | 20 | 12
10 | 2.1 | 900 | 60 | 2 | 0 | 6 | 240 | 14 | 21 | 12
11 | 2.3 | 1000 | 85 | 3 | 0 | 6 | 240 | 14 | 21 | 11
12 | 2.3 | 1200 | 90 | 3 | 0 | 6 | 260 | 14 | 22 | 11
13 | 2.1 | 1100 | 80 | 4 | 2 | 7 | 265 | 11 | 22 | 11
14 | 1.7 | 900 | 65 | 5 | 3 | 6 | 270 | 11 | 22 | 11
15 | 1.6 | 800 | 55 | 4 | 2 | 6 | 265 | 11 | 22 | 11
16 | 1.2 | 500 | 25 | 5 | 6 | 6 | 260 | 11 | 22 | 11
17 | 0.8 | 300 | 0 | 3 | 4 | 6 | 245 | 11 | 21 | 12
PFD Tagessumme: 460 km
-------------------------------------------------------

Ende des Exports.
=======================================================