=======================================================
THERMIK-PROGNOSE DATENEXPORT
=======================================================
Quelle:            Thermalmap.info
                    https://www.thermalmap.info/forecast/widget.php?lat=51.2645&lon=6.850662&interval=1&days=3
Standort:           Düsseldorf-Wolfsaap (Dues-W)
Verein:             SFG
Koordinaten:        51.2645 N / 6.850662 E
Ausfuehrung:        22.09.2026 06:37:07
Zeitfenster:        22.09.2026 - 24.09.2026 (3 Tage)
Aufloesung:         stuendlich, 07:00 - 17:00 Uhr UTC
=======================================================

TAG: Dienstag, 22.09.2026
-------------------------------------------------------
Std(UTC) | Thermik[m/s] | Arbhoehe[m] | PFD/h[km/h] | BewHoch[/8] | BewMittel[/8] | BewTief[/8] | WindRicht[°] | Wind[km/h] | Temp[°C] | Taupunkt[°C]
07 | 0.2 | 0 | 0 | 0 | 7 | 6 | 240 | 4 | 12 | 11
08 | 0.4 | 0 | 0 | 0 | 7 | 8 | 250 | 7 | 12 | 11
09 | 0.5 | 0 | 0 | 0 | 7 | 8 | 260 | 7 | 12 | 11
10 | 0.6 | 100 | 0 | 0 | 7 | 8 | 275 | 7 | 13 | 11
11 | 0.8 | 100 | 0 | 0 | 6 | 8 | 295 | 7 | 14 | 11
12 | 0.7 | 0 | 0 | 0 | 6 | 8 | 265 | 4 | 14 | 11
13 | 1.2 | 100 | 0 | 0 | 5 | 8 | 310 | 7 | 15 | 11
14 | 1.2 | 100 | 0 | 0 | 4 | 8 | 315 | 7 | 15 | 12
15 | 0.9 | 100 | 0 | 0 | 4 | 8 | 330 | 7 | 16 | 12
16 | 0.6 | 0 | 0 | 0 | 4 | 7 | 250 | 7 | 16 | 12
17 | 0.3 | 0 | 0 | 0 | 4 | 7 | 220 | 7 | 15 | 12
PFD Tagessumme: 0 km
-------------------------------------------------------

TAG: Mittwoch, 23.09.2026
-------------------------------------------------------
Std(UTC) | Thermik[m/s] | Arbhoehe[m] | PFD/h[km/h] | BewHoch[/8] | BewMittel[/8] | BewTief[/8] | WindRicht[°] | Wind[km/h] | Temp[°C] | Taupunkt[°C]
07 | 0.4 | 0 | 0 | 2 | 0 | 2 | 145 | 7 | 11 | 8
08 | 0.8 | 0 | 0 | 2 | 0 | 2 | 170 | 7 | 12 | 8
09 | 1.2 | 100 | 0 | 2 | 0 | 2 | 175 | 11 | 13 | 8
10 | 1.3 | 200 | 0 | 2 | 0 | 1 | 180 | 11 | 14 | 7
11 | 1.4 | 300 | 0 | 2 | 0 | 0 | 175 | 11 | 16 | 6
12 | 1.4 | 300 | 0 | 2 | 0 | 0 | 175 | 11 | 17 | 5
13 | 1.3 | 300 | 0 | 2 | 1 | 1 | 195 | 11 | 18 | 4
14 | 1.2 | 200 | 0 | 2 | 3 | 2 | 200 | 7 | 19 | 3
15 | 1.2 | 300 | 0 | 1 | 3 | 2 | 225 | 11 | 19 | 5
16 | 0.6 | 0 | 0 | 2 | 4 | 2 | 235 | 11 | 18 | 8
17 | 0.1 | 0 | 0 | 2 | 6 | 3 | 230 | 11 | 17 | 9
PFD Tagessumme: 0 km
-------------------------------------------------------

TAG: Donnerstag, 24.09.2026
-------------------------------------------------------
Std(UTC) | Thermik[m/s] | Arbhoehe[m] | PFD/h[km/h] | BewHoch[/8] | BewMittel[/8] | BewTief[/8] | WindRicht[°] | Wind[km/h] | Temp[°C] | Taupunkt[°C]
07 | 0.7 | 0 | 0 | 0 | 1 | 6 | 320 | 18 | 13 | 10
08 | 1 | 100 | 0 | 0 | 0 | 7 | 315 | 14 | 13 | 9
09 | 1.2 | 200 | 0 | 0 | 1 | 8 | 290 | 14 | 13 | 9
10 | 1.2 | 200 | 0 | 0 | 2 | 8 | 280 | 18 | 13 | 9
11 | 1.5 | 400 | 0 | 0 | 1 | 7 | 285 | 14 | 14 | 8
12 | 1.8 | 500 | 0 | 0 | 0 | 6 | 305 | 14 | 16 | 9
13 | 1.9 | 700 | 30 | 0 | 0 | 7 | 300 | 14 | 17 | 9
14 | 1.2 | 500 | 10 | 0 | 0 | 8 | 315 | 14 | 17 | 8
15 | 0.8 | 300 | 0 | 0 | 0 | 8 | 315 | 11 | 17 | 8
16 | 0.6 | 0 | 0 | 0 | 0 | 8 | 315 | 11 | 17 | 8
17 | 0.2 | 0 | 0 | 0 | 0 | 8 | 315 | 11 | 16 | 8
PFD Tagessumme: 40 km
-------------------------------------------------------

Ende des Exports.
=======================================================