=======================================================
THERMIK-PROGNOSE DATENEXPORT
=======================================================
Quelle:            Thermalmap.info
                    https://www.thermalmap.info/forecast/widget.php?lat=51.2645&lon=6.850662&interval=1&days=3
Standort:           Düsseldorf-Wolfsaap (Dues-W)
Verein:             SFG
Koordinaten:        51.2645 N / 6.850662 E
Ausfuehrung:        22.08.2026 06:03:52
Zeitfenster:        21.08.2026 - 23.08.2026 (3 Tage)
Aufloesung:         stuendlich, 07:00 - 17:00 Uhr UTC
=======================================================

TAG: Freitag, 21.08.2026
-------------------------------------------------------
Std(UTC) | Thermik[m/s] | Arbhoehe[m] | PFD/h[km/h] | BewHoch[/8] | BewMittel[/8] | BewTief[/8] | WindRicht[°] | Wind[km/h] | Temp[°C] | Taupunkt[°C]
07 | 0.9 | 0 | 0 | 5 | 0 | 4 | 190 | 11 | 17 | 14
08 | 1.2 | 200 | 0 | 4 | 0 | 5 | 210 | 11 | 18 | 13
09 | 1.5 | 500 | 0 | 3 | 1 | 6 | 220 | 11 | 19 | 13
10 | 1.7 | 700 | 10 | 2 | 0 | 7 | 240 | 14 | 20 | 13
11 | 1.7 | 800 | 40 | 3 | 2 | 7 | 245 | 11 | 20 | 12
12 | 1.8 | 900 | 60 | 4 | 1 | 8 | 255 | 14 | 21 | 12
13 | 1.7 | 800 | 50 | 4 | 1 | 7 | 250 | 11 | 21 | 12
14 | 1.7 | 700 | 45 | 4 | 3 | 7 | 255 | 11 | 21 | 12
15 | 1.4 | 500 | 25 | 4 | 4 | 7 | 280 | 14 | 21 | 12
16 | 0.9 | 100 | 0 | 3 | 6 | 6 | 305 | 14 | 18 | 14
17 | 0.9 | 100 | 0 | 3 | 5 | 6 | 315 | 11 | 19 | 14
PFD Tagessumme: 230 km
-------------------------------------------------------

TAG: Samstag, 22.08.2026
-------------------------------------------------------
Std(UTC) | Thermik[m/s] | Arbhoehe[m] | PFD/h[km/h] | BewHoch[/8] | BewMittel[/8] | BewTief[/8] | WindRicht[°] | Wind[km/h] | Temp[°C] | Taupunkt[°C]
07 | 1 | 0 | 0 | 0 | 2 | 7 | 290 | 11 | 16 | 12
08 | 1.3 | 300 | 0 | 0 | 1 | 8 | 290 | 14 | 16 | 12
09 | 1.4 | 400 | 0 | 0 | 0 | 8 | 290 | 11 | 16 | 11
10 | 1.9 | 700 | 20 | 0 | 0 | 7 | 280 | 11 | 17 | 11
11 | 2 | 900 | 65 | 0 | 2 | 8 | 280 | 14 | 18 | 10
12 | 1.8 | 900 | 60 | 0 | 2 | 8 | 285 | 14 | 19 | 10
13 | 1.5 | 700 | 50 | 0 | 2 | 8 | 295 | 14 | 19 | 9
14 | 1.7 | 900 | 60 | 0 | 2 | 7 | 300 | 11 | 20 | 9
15 | 1.2 | 600 | 30 | 0 | 6 | 7 | 295 | 14 | 19 | 9
16 | 1.2 | 200 | 0 | 0 | 5 | 6 | 260 | 11 | 18 | 11
17 | 1 | 300 | 0 | 0 | 4 | 6 | 280 | 11 | 19 | 11
PFD Tagessumme: 285 km
-------------------------------------------------------

TAG: Sonntag, 23.08.2026
-------------------------------------------------------
Std(UTC) | Thermik[m/s] | Arbhoehe[m] | PFD/h[km/h] | BewHoch[/8] | BewMittel[/8] | BewTief[/8] | WindRicht[°] | Wind[km/h] | Temp[°C] | Taupunkt[°C]
07 | 0.8 | 0 | 0 | 0 | 0 | 8 | 310 | 7 | 13 | 10
08 | 1.3 | 300 | 0 | 0 | 0 | 7 | 310 | 11 | 14 | 10
09 | 1.7 | 500 | 0 | 0 | 0 | 7 | 315 | 11 | 15 | 9
10 | 1.9 | 600 | 0 | 0 | 0 | 6 | 290 | 7 | 16 | 9
11 | 2.1 | 700 | 20 | 0 | 0 | 5 | 310 | 7 | 17 | 9
12 | 2.1 | 700 | 25 | 0 | 0 | 2 | 285 | 7 | 18 | 8
13 | 2.3 | 900 | 70 | 0 | 0 | 2 | 300 | 7 | 19 | 8
14 | 2.3 | 1000 | 85 | 0 | 0 | 3 | 305 | 7 | 19 | 8
15 | 2.1 | 1000 | 65 | 0 | 0 | 3 | 195 | 7 | 20 | 8
16 | 1.7 | 900 | 50 | 0 | 0 | 4 | 95 | 7 | 20 | 8
17 | 1.2 | 600 | 40 | 0 | 0 | 5 | 70 | 11 | 20 | 8
PFD Tagessumme: 355 km
-------------------------------------------------------

Ende des Exports.
=======================================================