=======================================================
THERMIK-PROGNOSE DATENEXPORT
=======================================================
Quelle:            Thermalmap.info
                    https://www.thermalmap.info/forecast/widget.php?lat=51.2645&lon=6.850662&interval=1&days=3
Standort:           Düsseldorf-Wolfsaap (Dues-W)
Verein:             SFG
Koordinaten:        51.2645 N / 6.850662 E
Ausfuehrung:        29.08.2026 07:54:35
Zeitfenster:        29.08.2026 - 31.08.2026 (3 Tage)
Aufloesung:         stuendlich, 07:00 - 17:00 Uhr UTC
=======================================================

TAG: Samstag, 29.08.2026
-------------------------------------------------------
Std(UTC) | Thermik[m/s] | Arbhoehe[m] | PFD/h[km/h] | BewHoch[/8] | BewMittel[/8] | BewTief[/8] | WindRicht[°] | Wind[km/h] | Temp[°C] | Taupunkt[°C]
07 | 0.3 | 0 | 0 | 1 | 7 | 2 | 180 | 14 | 17 | 13
08 | 1.2 | 100 | 0 | 0 | 6 | 3 | 190 | 18 | 19 | 12
09 | 1.8 | 700 | 5 | 0 | 2 | 4 | 210 | 22 | 21 | 12
10 | 2 | 800 | 35 | 0 | 2 | 6 | 215 | 22 | 22 | 12
11 | 1.7 | 800 | 35 | 0 | 2 | 8 | 215 | 25 | 22 | 13
12 | 1.2 | 600 | 20 | 0 | 6 | 8 | 215 | 22 | 22 | 12
13 | 1.2 | 600 | 15 | 2 | 6 | 7 | 215 | 22 | 23 | 12
14 | 0.9 | 300 | 5 | 3 | 7 | 7 | 220 | 22 | 22 | 12
15 | 0.7 | 300 | 5 | 5 | 7 | 7 | 220 | 22 | 22 | 12
16 | 0.6 | 100 | 0 | 5 | 7 | 6 | 210 | 18 | 21 | 12
17 | 0.4 | 0 | 0 | 6 | 7 | 8 | 200 | 18 | 21 | 13
PFD Tagessumme: 120 km
-------------------------------------------------------

TAG: Sonntag, 30.08.2026
-------------------------------------------------------
Std(UTC) | Thermik[m/s] | Arbhoehe[m] | PFD/h[km/h] | BewHoch[/8] | BewMittel[/8] | BewTief[/8] | WindRicht[°] | Wind[km/h] | Temp[°C] | Taupunkt[°C]
07 | 0.9 | 0 | 0 | 2 | 5 | 5 | 210 | 22 | 20 | 15
08 | 1.5 | 500 | 0 | 1 | 6 | 6 | 220 | 29 | 21 | 14
09 | 1.9 | 700 | 0 | 1 | 2 | 7 | 230 | 29 | 22 | 14
10 | 2.1 | 900 | 45 | 2 | 1 | 7 | 240 | 29 | 22 | 14
11 | 1.5 | 700 | 30 | 2 | 0 | 8 | 245 | 25 | 22 | 14
12 | 1.7 | 800 | 40 | 2 | 0 | 8 | 245 | 22 | 23 | 14
13 | 1.3 | 600 | 15 | 2 | 0 | 8 | 240 | 22 | 23 | 14
14 | 1 | 400 | 5 | 2 | 0 | 8 | 240 | 22 | 23 | 14
15 | 0.8 | 300 | 5 | 3 | 2 | 8 | 235 | 18 | 22 | 14
16 | 0.6 | 100 | 0 | 3 | 2 | 8 | 235 | 18 | 22 | 14
17 | 0.4 | 0 | 0 | 3 | 2 | 6 | 225 | 14 | 22 | 14
PFD Tagessumme: 140 km
-------------------------------------------------------

TAG: Montag, 31.08.2026
-------------------------------------------------------
Std(UTC) | Thermik[m/s] | Arbhoehe[m] | PFD/h[km/h] | BewHoch[/8] | BewMittel[/8] | BewTief[/8] | WindRicht[°] | Wind[km/h] | Temp[°C] | Taupunkt[°C]
07 | 0.9 | 0 | 0 | 3 | 3 | 4 | 215 | 18 | 19 | 13
08 | 1.5 | 500 | 0 | 4 | 6 | 6 | 220 | 25 | 20 | 13
09 | 1.7 | 700 | 20 | 2 | 6 | 7 | 225 | 29 | 20 | 13
10 | 1.3 | 600 | 20 | 2 | 6 | 8 | 235 | 29 | 20 | 12
11 | 1.2 | 600 | 10 | 0 | 6 | 8 | 240 | 32 | 20 | 12
12 | 1.2 | 500 | 15 | 2 | 6 | 7 | 240 | 29 | 20 | 12
13 | 1 | 300 | 0 | 2 | 6 | 7 | 245 | 25 | 19 | 14
14 | 1.2 | 300 | 5 | 1 | 6 | 6 | 250 | 25 | 19 | 15
15 | 1.3 | 400 | 0 | 2 | 6 | 7 | 255 | 29 | 20 | 14
16 | 0.8 | 100 | 0 | 2 | 4 | 6 | 250 | 22 | 18 | 15
17 | 0.5 | 0 | 0 | 2 | 7 | 7 | 260 | 22 | 18 | 15
PFD Tagessumme: 70 km
-------------------------------------------------------

Ende des Exports.
=======================================================