=======================================================
THERMIK-PROGNOSE DATENEXPORT
=======================================================
Quelle:            Thermalmap.info
                    https://www.thermalmap.info/forecast/widget.php?lat=51.2645&lon=6.850662&interval=1&days=3
Standort:           Düsseldorf-Wolfsaap (Dues-W)
Verein:             SFG
Koordinaten:        51.2645 N / 6.850662 E
Ausfuehrung:        05.09.2026 06:35:12
Zeitfenster:        05.09.2026 - 07.09.2026 (3 Tage)
Aufloesung:         stuendlich, 07:00 - 17:00 Uhr UTC
=======================================================

TAG: Samstag, 05.09.2026
-------------------------------------------------------
Std(UTC) | Thermik[m/s] | Arbhoehe[m] | PFD/h[km/h] | BewHoch[/8] | BewMittel[/8] | BewTief[/8] | WindRicht[°] | Wind[km/h] | Temp[°C] | Taupunkt[°C]
07 | 0.9 | 0 | 0 | 1 | 0 | 6 | 245 | 14 | 17 | 13
08 | 1.2 | 300 | 0 | 5 | 0 | 7 | 250 | 22 | 17 | 12
09 | 1.7 | 500 | 0 | 2 | 0 | 7 | 255 | 22 | 18 | 12
10 | 1.9 | 700 | 10 | 0 | 0 | 7 | 260 | 22 | 18 | 11
11 | 2 | 700 | 30 | 0 | 1 | 6 | 265 | 22 | 19 | 11
12 | 2 | 800 | 55 | 0 | 0 | 7 | 275 | 22 | 20 | 10
13 | 1.9 | 800 | 50 | 1 | 0 | 7 | 280 | 22 | 20 | 10
14 | 1.7 | 800 | 45 | 1 | 0 | 7 | 280 | 22 | 20 | 10
15 | 1.5 | 700 | 35 | 2 | 0 | 7 | 290 | 22 | 19 | 10
16 | 1.2 | 500 | 25 | 2 | 0 | 8 | 290 | 18 | 19 | 10
17 | 0.7 | 300 | 0 | 1 | 0 | 7 | 295 | 14 | 19 | 10
PFD Tagessumme: 250 km
-------------------------------------------------------

TAG: Sonntag, 06.09.2026
-------------------------------------------------------
Std(UTC) | Thermik[m/s] | Arbhoehe[m] | PFD/h[km/h] | BewHoch[/8] | BewMittel[/8] | BewTief[/8] | WindRicht[°] | Wind[km/h] | Temp[°C] | Taupunkt[°C]
07 | 0.8 | 0 | 0 | 0 | 2 | 3 | 55 | 7 | 13 | 9
08 | 1.2 | 200 | 0 | 0 | 2 | 2 | 75 | 7 | 14 | 8
09 | 1.5 | 400 | 0 | 0 | 2 | 2 | 115 | 7 | 15 | 8
10 | 1.7 | 500 | 0 | 0 | 1 | 1 | 145 | 7 | 17 | 8
11 | 1.8 | 500 | 0 | 0 | 0 | 0 | 140 | 11 | 18 | 8
12 | 1.8 | 500 | 0 | 0 | 0 | 0 | 150 | 11 | 20 | 7
13 | 1.8 | 500 | 0 | 1 | 0 | 0 | 165 | 11 | 21 | 7
14 | 1.4 | 400 | 0 | 2 | 0 | 0 | 155 | 11 | 21 | 7
15 | 1.2 | 300 | 0 | 5 | 1 | 0 | 155 | 11 | 22 | 8
16 | 0.7 | 100 | 0 | 6 | 2 | 0 | 145 | 11 | 22 | 8
17 | 0.4 | 0 | 0 | 6 | 3 | 0 | 140 | 14 | 21 | 9
PFD Tagessumme: 0 km
-------------------------------------------------------

TAG: Montag, 07.09.2026
-------------------------------------------------------
Std(UTC) | Thermik[m/s] | Arbhoehe[m] | PFD/h[km/h] | BewHoch[/8] | BewMittel[/8] | BewTief[/8] | WindRicht[°] | Wind[km/h] | Temp[°C] | Taupunkt[°C]
07 | 0.4 | 0 | 0 | 5 | 2 | 0 | 165 | 7 | 19 | 11
08 | 0.7 | 0 | 0 | 3 | 3 | 0 | 165 | 11 | 21 | 11
09 | 1.2 | 100 | 0 | 2 | 5 | 1 | 165 | 18 | 22 | 12
10 | 1.2 | 200 | 0 | 2 | 5 | 0 | 175 | 18 | 24 | 12
11 | 1.4 | 300 | 0 | 3 | 1 | 0 | 190 | 22 | 26 | 14
12 | 1.8 | 800 | 30 | 4 | 0 | 2 | 225 | 22 | 27 | 15
13 | 2 | 900 | 45 | 4 | 2 | 2 | 240 | 25 | 28 | 16
14 | 1.8 | 900 | 35 | 6 | 6 | 6 | 245 | 22 | 28 | 16
15 | 0.9 | 300 | 0 | 1 | 4 | 7 | 255 | 22 | 26 | 17
16 | 0.7 | 200 | 0 | 0 | 6 | 7 | 260 | 22 | 25 | 17
17 | 0.4 | 0 | 0 | 1 | 7 | 6 | 265 | 18 | 24 | 17
PFD Tagessumme: 110 km
-------------------------------------------------------

Ende des Exports.
=======================================================